-7.296147942543029785e-01 -3.551209270954132080e-01
-7.072347402572631836e-01 -1.615184396505355835e-01
-6.908246278762817383e-01 2.398686297237873077e-02
-6.568738818168640137e-01 2.038310766220092773e-01
-5.811969041824340820e-01 3.696739077568054199e-01
-4.837715327739715576e-01 5.237388014793395996e-01
-3.319022953510284424e-01 6.508104801177978516e-01
-1.386929154396057129e-01 7.300843000411987305e-01
4.219021648168563843e-02 7.571446299552917480e-01
2.170902639627456665e-01 7.154073715209960938e-01
4.017939269542694092e-01 6.247323155403137207e-01
5.282237529754638672e-01 4.846293628215789795e-01
6.098037958145141602e-01 3.275608718395233154e-01
6.653984785079956055e-01 1.597111374139785767e-01
6.852471232414245605e-01 -1.796835102140903473e-02
6.935155987739562988e-01 -2.014461606740951538e-01
7.085942029953002930e-01 -3.941113948822021484e-01
-6.084631085395812988e-01 -4.433546662330627441e-01
-5.167326331138610840e-01 -6.128457188606262207e-01
-3.741066157817840576e-01 -6.455977559089660645e-01
-2.225805968046188354e-01 -6.262549161911010742e-01
-9.384880214929580688e-02 -5.792307853698730469e-01
9.878756105899810791e-02 -5.842177271842956543e-01
2.242125719785690308e-01 -6.380829811096191406e-01
3.721879124641418457e-01 -6.669940352439880371e-01
5.105022788047790527e-01 -6.445266008377075195e-01
6.033463478088378906e-01 -4.812065362930297852e-01
8.312015794217586517e-03 -4.152748584747314453e-01
1.409200113266706467e-02 -2.851631939411163330e-01
1.733925566077232361e-02 -1.887950152158737183e-01
2.181812003254890442e-02 -8.835009485483169556e-02
-1.016926914453506470e-01 4.085446521639823914e-02
-4.042459651827812195e-02 5.260202288627624512e-02
1.908338442444801331e-02 6.723579019308090210e-02
7.743234187364578247e-02 5.038218200206756592e-02
1.356810629367828369e-01 3.600619360804557800e-02
-4.490699172019958496e-01 -3.679780066013336182e-01
-3.617875576019287109e-01 -4.272318184375762939e-01
-2.638483643531799316e-01 -4.241986572742462158e-01
-1.762262284755706787e-01 -3.683210015296936035e-01
-2.574059367179870605e-01 -3.368668258190155029e-01
-3.496214449405670166e-01 -3.297088146209716797e-01
1.851972043514251709e-01 -3.786311149597167969e-01
2.710498571395874023e-01 -4.376585483551025391e-01
3.682129383087158203e-01 -4.470665454864501953e-01
4.555019438266754150e-01 -3.931722342967987061e-01
3.608804941177368164e-01 -3.493221104145050049e-01
2.690070867538452148e-01 -3.515478968620300293e-01
-1.905626058578491211e-01 3.333002924919128418e-01
-1.235576421022415161e-01 2.653540074825286865e-01
-3.119912371039390564e-02 2.306712418794631958e-01
2.564395964145660400e-02 2.329908013343811035e-01
8.286160975694656372e-02 2.283679246902465820e-01
1.756149530410766602e-01 2.591919898986816406e-01
2.494742423295974731e-01 3.207717239856719971e-01
1.908328235149383545e-01 3.754536211490631104e-01
1.042785570025444031e-01 4.030939936637878418e-01
4.106606915593147278e-02 4.121339917182922363e-01
-2.502171695232391357e-02 4.060693979263305664e-01
-1.190133690834045410e-01 3.849891722202301025e-01
-1.846494078636169434e-01 3.332994878292083740e-01
-2.959017828106880188e-02 2.948315441608428955e-01
2.700178325176239014e-02 2.928799390792846680e-01
8.338522911071777344e-02 2.949692904949188232e-01
2.469584196805953979e-01 3.201199769973754883e-01
9.936395287513732910e-02 3.384529948234558105e-01
3.826457262039184570e-02 3.411468863487243652e-01
-2.301106043159961700e-02 3.417588174343109131e-01
