-7.392029166221618652e-01 -3.558039665222167969e-01 2.261000722646713257e-01 1.000000000000000000e+00
-7.178130149841308594e-01 -1.633395403623580933e-01 2.533729970455169678e-01 1.000000000000000000e+00
-6.924147009849548340e-01 5.354875326156616211e-02 2.689375579357147217e-01 1.000000000000000000e+00
-6.609694361686706543e-01 2.418040335178375244e-01 2.131327837705612183e-01 1.000000000000000000e+00
-5.802532434463500977e-01 4.115460813045501709e-01 8.890666067600250244e-02 1.000000000000000000e+00
-4.679836630821228027e-01 5.554196238517761230e-01 -9.431901574134826660e-02 1.000000000000000000e+00
-3.156229257583618164e-01 6.674327850341796875e-01 -2.161946147680282593e-01 1.000000000000000000e+00
-1.363476067781448364e-01 7.340213060379028320e-01 -3.463883101940155029e-01 1.000000000000000000e+00
5.404957383871078491e-02 7.673037052154541016e-01 -3.566888570785522461e-01 1.000000000000000000e+00
2.144047319889068604e-01 7.194272279739379883e-01 -3.338840901851654053e-01 1.000000000000000000e+00
3.808304369449615479e-01 6.457933783531188965e-01 -1.978050172328948975e-01 1.000000000000000000e+00
5.119675993919372559e-01 5.216826200485229492e-01 -7.198787480592727661e-02 1.000000000000000000e+00
6.047234535217285156e-01 3.725515305995941162e-01 1.125412955880165100e-01 1.000000000000000000e+00
6.638568043708801270e-01 1.974097490310668945e-01 2.382372617721557617e-01 0.000000000000000000e+00
6.818020939826965332e-01 1.187550276517868042e-02 2.876735031604766846e-01 1.000000000000000000e+00
6.985036134719848633e-01 -2.055022418498992920e-01 2.605953812599182129e-01 1.000000000000000000e+00
7.164539694786071777e-01 -3.993417322635650635e-01 2.353448122739791870e-01 1.000000000000000000e+00
-6.084631085395812988e-01 -4.433546662330627441e-01 -2.236247509717941284e-01 1.000000000000000000e+00
-5.167326331138610840e-01 -6.128457188606262207e-01 -3.737669289112091064e-01 1.000000000000000000e+00
-3.741066157817840576e-01 -6.455977559089660645e-01 -5.047661662101745605e-01 1.000000000000000000e+00
-2.225805968046188354e-01 -6.262549161911010742e-01 -5.685740113258361816e-01 1.000000000000000000e+00
-9.384880214929580688e-02 -5.792307853698730469e-01 -5.814461112022399902e-01 1.000000000000000000e+00
9.878756105899810791e-02 -5.842177271842956543e-01 -5.812997221946716309e-01 1.000000000000000000e+00
2.242125719785690308e-01 -6.380829811096191406e-01 -5.706564784049987793e-01 1.000000000000000000e+00
3.721879124641418457e-01 -6.669940352439880371e-01 -5.026085972785949707e-01 1.000000000000000000e+00
5.105022788047790527e-01 -6.445266008377075195e-01 -3.638303279876708984e-01 1.000000000000000000e+00
6.033463478088378906e-01 -4.812065362930297852e-01 -2.121652513742446899e-01 1.000000000000000000e+00
8.312015794217586517e-03 -4.152748584747314453e-01 -5.851588249206542969e-01 1.000000000000000000e+00
1.409200113266706467e-02 -2.851631939411163330e-01 -6.620741486549377441e-01 1.000000000000000000e+00
1.733925566077232361e-02 -1.887950152158737183e-01 -7.325625419616699219e-01 1.000000000000000000e+00
2.181812003254890442e-02 -8.835009485483169556e-02 -7.853388786315917969e-01 1.000000000000000000e+00
-1.016926914453506470e-01 4.085446521639823914e-02 -5.981820225715637207e-01 1.000000000000000000e+00
-4.042459651827812195e-02 5.260202288627624512e-02 -6.239088177680969238e-01 1.000000000000000000e+00
1.908338442444801331e-02 6.723579019308090210e-02 -6.430257558822631836e-01 1.000000000000000000e+00
7.743234187364578247e-02 5.038218200206756592e-02 -6.244457960128784180e-01 1.000000000000000000e+00
1.356810629367828369e-01 3.600619360804557800e-02 -5.975434184074401855e-01 1.000000000000000000e+00
-4.490699172019958496e-01 -3.679780066013336182e-01 -4.022035896778106689e-01 1.000000000000000000e+00
-3.617875576019287109e-01 -4.272318184375762939e-01 -5.014163255691528320e-01 1.000000000000000000e+00
-2.638483643531799316e-01 -4.241986572742462158e-01 -5.083323121070861816e-01 1.000000000000000000e+00
-1.762262284755706787e-01 -3.683210015296936035e-01 -4.716328680515289307e-01 1.000000000000000000e+00
-2.574059367179870605e-01 -3.368668258190155029e-01 -4.843859970569610596e-01 1.000000000000000000e+00
-3.496214449405670166e-01 -3.297088146209716797e-01 -4.744179546833038330e-01 1.000000000000000000e+00
1.851972043514251709e-01 -3.786311149597167969e-01 -4.765249788761138916e-01 1.000000000000000000e+00
2.710498571395874023e-01 -4.376585483551025391e-01 -5.105756521224975586e-01 1.000000000000000000e+00
3.682129383087158203e-01 -4.470665454864501953e-01 -5.024366974830627441e-01 1.000000000000000000e+00
4.555019438266754150e-01 -3.931722342967987061e-01 -3.990041017532348633e-01 1.000000000000000000e+00
3.608804941177368164e-01 -3.493221104145050049e-01 -4.752320051193237305e-01 1.000000000000000000e+00
2.690070867538452148e-01 -3.515478968620300293e-01 -4.875474274158477783e-01 1.000000000000000000e+00
-1.905626058578491211e-01 3.333002924919128418e-01 -5.024232864379882812e-01 1.000000000000000000e+00
-1.235576421022415161e-01 2.653540074825286865e-01 -6.072852611541748047e-01 1.000000000000000000e+00
-3.119912371039390564e-02 2.306712418794631958e-01 -6.599730849266052246e-01 1.000000000000000000e+00
2.564395964145660400e-02 2.329908013343811035e-01 -6.677119135856628418e-01 1.000000000000000000e+00
8.286160975694656372e-02 2.283679246902465820e-01 -6.596900224685668945e-01 1.000000000000000000e+00
1.756149530410766602e-01 2.591919898986816406e-01 -6.026926636695861816e-01 1.000000000000000000e+00
2.494742423295974731e-01 3.207717239856719971e-01 -4.970492124557495117e-01 1.000000000000000000e+00
1.908328235149383545e-01 3.754536211490631104e-01 -5.511261820793151855e-01 1.000000000000000000e+00
1.042785570025444031e-01 4.030939936637878418e-01 -6.046550273895263672e-01 1.000000000000000000e+00
4.106606915593147278e-02 4.121339917182922363e-01 -6.111621260643005371e-01 1.000000000000000000e+00
-2.502171695232391357e-02 4.060693979263305664e-01 -6.053468585014343262e-01 1.000000000000000000e+00
-1.190133690834045410e-01 3.849891722202301025e-01 -5.588980317115783691e-01 1.000000000000000000e+00
-1.846494078636169434e-01 3.332994878292083740e-01 -4.989668130874633789e-01 1.000000000000000000e+00
-2.959017828106880188e-02 2.948315441608428955e-01 -6.065968275070190430e-01 1.000000000000000000e+00
2.700178325176239014e-02 2.928799390792846680e-01 -6.144796609878540039e-01 1.000000000000000000e+00
8.338522911071777344e-02 2.949692904949188232e-01 -6.033111214637756348e-01 1.000000000000000000e+00
2.469584196805953979e-01 3.201199769973754883e-01 -4.970985651016235352e-01 1.000000000000000000e+00
9.936395287513732910e-02 3.384529948234558105e-01 -5.875384807586669922e-01 1.000000000000000000e+00
3.826457262039184570e-02 3.411468863487243652e-01 -5.917039513587951660e-01 1.000000000000000000e+00
-2.301106043159961700e-02 3.417588174343109131e-01 -5.893304944038391113e-01 1.000000000000000000e+00
