-7.080957293510437012e-01 -3.798730075359344482e-01
-7.003630399703979492e-01 -1.825019568204879761e-01
-6.633788943290710449e-01 -9.866540785878896713e-04
-6.242711544036865234e-01 1.494008302688598633e-01
-5.681139230728149414e-01 3.112857639789581299e-01
-4.849658608436584473e-01 4.606219530105590820e-01
-3.578514754772186279e-01 5.994185209274291992e-01
-1.890019327402114868e-01 7.103168368339538574e-01
-2.061761170625686646e-02 7.388204336166381836e-01
1.568658053874969482e-01 6.946517229080200195e-01
3.337921500205993652e-01 5.924907922744750977e-01
4.770968258380889893e-01 4.545208215713500977e-01
5.802364349365234375e-01 2.880385816097259521e-01
6.482986807823181152e-01 9.334889799356460571e-02
6.870768666267395020e-01 -9.454447776079177856e-02
7.039682865142822266e-01 -2.918299734592437744e-01
7.177769541740417480e-01 -4.840907454490661621e-01
-6.737550497055053711e-01 -4.798975586891174316e-01
-6.213136911392211914e-01 -6.481343507766723633e-01
-5.014561414718627930e-01 -6.773968935012817383e-01
-3.575935363769531250e-01 -6.537438035011291504e-01
-2.286618202924728394e-01 -6.039527058601379395e-01
-2.632469683885574341e-02 -6.114646792411804199e-01
1.036810427904129028e-01 -6.709387898445129395e-01
2.668118774890899658e-01 -7.083106040954589844e-01
4.300175607204437256e-01 -6.942802667617797852e-01
5.439280867576599121e-01 -5.347288250923156738e-01
-1.218407377600669861e-01 -4.382523298263549805e-01
-1.269255578517913818e-01 -2.980903089046478271e-01
-1.340403258800506592e-01 -1.887683272361755371e-01
-1.369607746601104736e-01 -7.658068835735321045e-02
-2.208774089813232422e-01 4.610177502036094666e-02
-1.664065420627593994e-01 6.141977384686470032e-02
-1.079584360122680664e-01 7.804445922374725342e-02
-4.528699442744255066e-02 5.765881016850471497e-02
1.623291522264480591e-02 3.751284629106521606e-02
-5.535185337066650391e-01 -3.931057751178741455e-01
-4.816495478153228760e-01 -4.501554071903228760e-01
-3.851056396961212158e-01 -4.478248059749603271e-01
-2.918644249439239502e-01 -3.907130062580108643e-01
-3.735160231590270996e-01 -3.559348881244659424e-01
-4.660294651985168457e-01 -3.476732671260833740e-01
8.944767713546752930e-02 -4.053889513015747070e-01
1.690748482942581177e-01 -4.684180617332458496e-01
2.679505050182342529e-01 -4.802502691745758057e-01
3.760420382022857666e-01 -4.311319589614868164e-01
2.688367962837219238e-01 -3.774613440036773682e-01
1.723855286836624146e-01 -3.777083754539489746e-01
-2.829374074935913086e-01 3.267085850238800049e-01
-2.355143278837203979e-01 2.687348127365112305e-01
-1.540992856025695801e-01 2.389323115348815918e-01
-9.875075519084930420e-02 2.418173998594284058e-01
-4.052525386214256287e-02 2.349040508270263672e-01
6.138261780142784119e-02 2.571557760238647461e-01
1.549107581377029419e-01 3.041902780532836914e-01
9.190186113119125366e-02 3.643602430820465088e-01
-4.200294148176908493e-03 3.975696265697479248e-01
-6.915382295846939087e-02 4.087226688861846924e-01
-1.350539326667785645e-01 4.040414690971374512e-01
-2.222603261470794678e-01 3.810682594776153564e-01
-2.769363820552825928e-01 3.264160454273223877e-01
-1.414276957511901855e-01 2.979664504528045654e-01
-8.664944767951965332e-02 2.965189516544342041e-01
-2.881081216037273407e-02 2.945145964622497559e-01
1.524925529956817627e-01 3.035821616649627686e-01
-8.426242507994174957e-03 3.275585770606994629e-01
-7.140947133302688599e-02 3.318474888801574707e-01
-1.326489895582199097e-01 3.340136110782623291e-01
