-7.119755148887634277e-01 -4.203151166439056396e-01 2.598269581794738770e-01 1.000000000000000000e+00
-6.796860694885253906e-01 -2.288533747196197510e-01 2.942577004432678223e-01 1.000000000000000000e+00
-6.344278454780578613e-01 -1.512151397764682770e-02 3.209407627582550049e-01 0.000000000000000000e+00
-5.802871584892272949e-01 1.761804372072219849e-01 2.672161757946014404e-01 0.000000000000000000e+00
-5.254402756690979004e-01 3.605760633945465088e-01 1.455217152833938599e-01 0.000000000000000000e+00
-4.464004635810852051e-01 5.146764516830444336e-01 -3.818881511688232422e-02 1.000000000000000000e+00
-3.239996731281280518e-01 6.321119070053100586e-01 -1.737906485795974731e-01 1.000000000000000000e+00
-1.807869970798492432e-01 7.165256738662719727e-01 -3.323339819908142090e-01 1.000000000000000000e+00
8.169610518962144852e-04 7.447725534439086914e-01 -3.703655600547790527e-01 1.000000000000000000e+00
1.579324901103973389e-01 6.970613002777099609e-01 -3.814584612846374512e-01 1.000000000000000000e+00
3.279161453247070312e-01 6.001958250999450684e-01 -2.714019715785980225e-01 1.000000000000000000e+00
4.665736556053161621e-01 4.701592326164245605e-01 -1.790445595979690552e-01 1.000000000000000000e+00
5.752761960029602051e-01 3.065666258335113525e-01 -2.650417573750019073e-02 1.000000000000000000e+00
6.439579129219055176e-01 1.163826137781143188e-01 7.300407439470291138e-02 1.000000000000000000e+00
6.959564089775085449e-01 -7.321967184543609619e-02 1.041317060589790344e-01 1.000000000000000000e+00
7.117967009544372559e-01 -2.893952429294586182e-01 6.023088842630386353e-02 1.000000000000000000e+00
7.319238185882568359e-01 -4.828638732433319092e-01 2.210797742009162903e-02 1.000000000000000000e+00
-6.737550497055053711e-01 -4.798975586891174316e-01 -2.220087349414825439e-01 1.000000000000000000e+00
-6.213136911392211914e-01 -6.481343507766723633e-01 -4.034393727779388428e-01 1.000000000000000000e+00
-5.014561414718627930e-01 -6.773968935012817383e-01 -5.616456270217895508e-01 1.000000000000000000e+00
-3.575935363769531250e-01 -6.537438035011291504e-01 -6.524520516395568848e-01 1.000000000000000000e+00
-2.286618202924728394e-01 -6.039527058601379395e-01 -6.902205348014831543e-01 1.000000000000000000e+00
-2.632469683885574341e-02 -6.114646792411804199e-01 -7.232895493507385254e-01 1.000000000000000000e+00
1.036810427904129028e-01 -6.709387898445129395e-01 -7.297717928886413574e-01 1.000000000000000000e+00
2.668118774890899658e-01 -7.083106040954589844e-01 -6.853252053260803223e-01 1.000000000000000000e+00
4.300175607204437256e-01 -6.942802667617797852e-01 -5.674121975898742676e-01 1.000000000000000000e+00
5.439280867576599121e-01 -5.347288250923156738e-01 -4.130731225013732910e-01 1.000000000000000000e+00
-1.218407377600669861e-01 -4.382523298263549805e-01 -7.170023322105407715e-01 1.000000000000000000e+00
-1.269255578517913818e-01 -2.980903089046478271e-01 -7.892422676086425781e-01 1.000000000000000000e+00
-1.340403258800506592e-01 -1.887683272361755371e-01 -8.547008633613586426e-01 1.000000000000000000e+00
-1.369607746601104736e-01 -7.658068835735321045e-02 -9.042881727218627930e-01 1.000000000000000000e+00
-2.208774089813232422e-01 4.610177502036094666e-02 -6.724075675010681152e-01 1.000000000000000000e+00
-1.664065420627593994e-01 6.141977384686470032e-02 -7.096967101097106934e-01 1.000000000000000000e+00
-1.079584360122680664e-01 7.804445922374725342e-02 -7.380319237709045410e-01 1.000000000000000000e+00
-4.528699442744255066e-02 5.765881016850471497e-02 -7.294489145278930664e-01 1.000000000000000000e+00
1.623291522264480591e-02 3.751284629106521606e-02 -7.106867432594299316e-01 1.000000000000000000e+00
-5.535185337066650391e-01 -3.931057751178741455e-01 -4.189956784248352051e-01 1.000000000000000000e+00
-4.816495478153228760e-01 -4.501554071903228760e-01 -5.343067049980163574e-01 1.000000000000000000e+00
-3.851056396961212158e-01 -4.478248059749603271e-01 -5.581392645835876465e-01 1.000000000000000000e+00
-2.918644249439239502e-01 -3.907130062580108643e-01 -5.380541682243347168e-01 1.000000000000000000e+00
-3.735160231590270996e-01 -3.559348881244659424e-01 -5.328201651573181152e-01 1.000000000000000000e+00
-4.660294651985168457e-01 -3.476732671260833740e-01 -5.065093636512756348e-01 1.000000000000000000e+00
8.944767713546752930e-02 -4.053889513015747070e-01 -6.024907827377319336e-01 1.000000000000000000e+00
1.690748482942581177e-01 -4.684180617332458496e-01 -6.500808000564575195e-01 1.000000000000000000e+00
2.679505050182342529e-01 -4.802502691745758057e-01 -6.576510071754455566e-01 1.000000000000000000e+00
3.760420382022857666e-01 -4.311319589614868164e-01 -5.691112279891967773e-01 1.000000000000000000e+00
2.688367962837219238e-01 -3.774613440036773682e-01 -6.269887089729309082e-01 1.000000000000000000e+00
1.723855286836624146e-01 -3.777083754539489746e-01 -6.238231658935546875e-01 1.000000000000000000e+00
-2.829374074935913086e-01 3.267085850238800049e-01 -5.166738629341125488e-01 1.000000000000000000e+00
-2.355143278837203979e-01 2.687348127365112305e-01 -6.391649842262268066e-01 1.000000000000000000e+00
-1.540992856025695801e-01 2.389323115348815918e-01 -7.111482024192810059e-01 1.000000000000000000e+00
-9.875075519084930420e-02 2.418173998594284058e-01 -7.279775738716125488e-01 1.000000000000000000e+00
-4.052525386214256287e-02 2.349040508270263672e-01 -7.295982837677001953e-01 1.000000000000000000e+00
6.138261780142784119e-02 2.571557760238647461e-01 -6.845994591712951660e-01 1.000000000000000000e+00
1.549107581377029419e-01 3.041902780532836914e-01 -5.838859081268310547e-01 1.000000000000000000e+00
9.190186113119125366e-02 3.643602430820465088e-01 -6.282399296760559082e-01 1.000000000000000000e+00
-4.200294148176908493e-03 3.975696265697479248e-01 -6.653640270233154297e-01 1.000000000000000000e+00
-6.915382295846939087e-02 4.087226688861846924e-01 -6.598986983299255371e-01 1.000000000000000000e+00
-1.350539326667785645e-01 4.040414690971374512e-01 -6.443862318992614746e-01 1.000000000000000000e+00
-2.222603261470794678e-01 3.810682594776153564e-01 -5.826439857482910156e-01 1.000000000000000000e+00
-2.769363820552825928e-01 3.264160454273223877e-01 -5.137461423873901367e-01 1.000000000000000000e+00
-1.414276957511901855e-01 2.979664504528045654e-01 -6.494386792182922363e-01 1.000000000000000000e+00
-8.664944767951965332e-02 2.965189516544342041e-01 -6.671326160430908203e-01 1.000000000000000000e+00
-2.881081216037273407e-02 2.945145964622497559e-01 -6.655118465423583984e-01 1.000000000000000000e+00
1.524925529956817627e-01 3.035821616649627686e-01 -5.835170745849609375e-01 1.000000000000000000e+00
-8.426242507994174957e-03 3.275585770606994629e-01 -6.513428092002868652e-01 1.000000000000000000e+00
-7.140947133302688599e-02 3.318474888801574707e-01 -6.450468301773071289e-01 1.000000000000000000e+00
-1.326489895582199097e-01 3.340136110782623291e-01 -6.318596601486206055e-01 1.000000000000000000e+00
