-7.397624254226684570e-01 -3.553021848201751709e-01 2.285102307796478271e-01 1.000000000000000000e+00
-7.182472348213195801e-01 -1.625122874975204468e-01 2.557624876499176025e-01 1.000000000000000000e+00
-6.923865675926208496e-01 5.494442954659461975e-02 2.714428007602691650e-01 1.000000000000000000e+00
-6.597462296485900879e-01 2.435633242130279541e-01 2.156089544296264648e-01 1.000000000000000000e+00
-5.778327584266662598e-01 4.126020669937133789e-01 9.078600257635116577e-02 1.000000000000000000e+00
-4.646275639533996582e-01 5.549940466880798340e-01 -9.318508952856063843e-02 1.000000000000000000e+00
-3.105411827564239502e-01 6.631828546524047852e-01 -2.175211757421493530e-01 1.000000000000000000e+00
-1.305247098207473755e-01 7.248651981353759766e-01 -3.508369624614715576e-01 1.000000000000000000e+00
5.911375582218170166e-02 7.549374103546142578e-01 -3.631263077259063721e-01 1.000000000000000000e+00
2.178320884704589844e-01 7.067061066627502441e-01 -3.403947651386260986e-01 1.000000000000000000e+00
3.833743929862976074e-01 6.350405812263488770e-01 -2.021531462669372559e-01 1.000000000000000000e+00
5.138107538223266602e-01 5.142436027526855469e-01 -7.408166676759719849e-02 1.000000000000000000e+00
6.053295135498046875e-01 3.678591847419738770e-01 1.117096766829490662e-01 1.000000000000000000e+00
6.642671227455139160e-01 1.948685646057128906e-01 2.383961230516433716e-01 0.000000000000000000e+00
6.818305850028991699e-01 1.021276880055665970e-02 2.883424460887908936e-01 1.000000000000000000e+00
6.980654597282409668e-01 -2.065820544958114624e-01 2.618812024593353271e-01 1.000000000000000000e+00
7.159014940261840820e-01 -4.002328217029571533e-01 2.369775325059890747e-01 1.000000000000000000e+00
-6.086894273757934570e-01 -4.425697028636932373e-01 -2.221233844757080078e-01 1.000000000000000000e+00
-5.160931944847106934e-01 -6.101606488227844238e-01 -3.732868731021881104e-01 1.000000000000000000e+00
-3.727184832096099854e-01 -6.430305242538452148e-01 -5.032394528388977051e-01 1.000000000000000000e+00
-2.211629599332809448e-01 -6.240647435188293457e-01 -5.666145086288452148e-01 1.000000000000000000e+00
-9.313835948705673218e-02 -5.784617662429809570e-01 -5.793678164482116699e-01 1.000000000000000000e+00
9.809164702892303467e-02 -5.841597914695739746e-01 -5.793334841728210449e-01 1.000000000000000000e+00
2.227283865213394165e-01 -6.370176076889038086e-01 -5.682660341262817383e-01 1.000000000000000000e+00
3.705837428569793701e-01 -6.647362112998962402e-01 -5.013510584831237793e-01 1.000000000000000000e+00
5.092039108276367188e-01 -6.423192620277404785e-01 -3.637286424636840820e-01 1.000000000000000000e+00
6.028653979301452637e-01 -4.815360903739929199e-01 -2.112179845571517944e-01 1.000000000000000000e+00
8.170971646904945374e-03 -4.166839718818664551e-01 -5.840853452682495117e-01 1.000000000000000000e+00
1.423410233110189438e-02 -2.871250212192535400e-01 -6.606823801994323730e-01 1.000000000000000000e+00
1.755156368017196655e-02 -1.919025629758834839e-01 -7.314531803131103516e-01 1.000000000000000000e+00
2.190896682441234589e-02 -9.247016161680221558e-02 -7.849274873733520508e-01 1.000000000000000000e+00
-1.022180765867233276e-01 3.514360636472702026e-02 -5.970447659492492676e-01 1.000000000000000000e+00
-4.064070060849189758e-02 4.771245270967483521e-02 -6.232548356056213379e-01 1.000000000000000000e+00
1.895420812070369720e-02 6.270385533571243286e-02 -6.424719095230102539e-01 1.000000000000000000e+00
7.764117419719696045e-02 4.537980258464813232e-02 -6.240723133087158203e-01 1.000000000000000000e+00
1.364205926656723022e-01 3.018071502447128296e-02 -5.969724655151367188e-01 1.000000000000000000e+00
-4.477467238903045654e-01 -3.641234636306762695e-01 -4.020482301712036133e-01 1.000000000000000000e+00
-3.595054447650909424e-01 -4.128711819648742676e-01 -4.997330904006958008e-01 1.000000000000000000e+00
-2.643206715583801270e-01 -4.117833971977233887e-01 -5.056095719337463379e-01 1.000000000000000000e+00
-1.762834489345550537e-01 -3.665553927421569824e-01 -4.705526232719421387e-01 1.000000000000000000e+00
-2.580356895923614502e-01 -3.369561135768890381e-01 -4.844475388526916504e-01 1.000000000000000000e+00
-3.501836955547332764e-01 -3.291732370853424072e-01 -4.747866094112396240e-01 1.000000000000000000e+00
1.851364672183990479e-01 -3.768582940101623535e-01 -4.755155146121978760e-01 1.000000000000000000e+00
2.720291316509246826e-01 -4.251825511455535889e-01 -5.079249739646911621e-01 1.000000000000000000e+00
3.666412830352783203e-01 -4.323785603046417236e-01 -5.004566311836242676e-01 1.000000000000000000e+00
4.542592465877532959e-01 -3.896304070949554443e-01 -3.989906013011932373e-01 1.000000000000000000e+00
3.610809147357940674e-01 -3.490562736988067627e-01 -4.754691123962402344e-01 1.000000000000000000e+00
2.692463099956512451e-01 -3.517789840698242188e-01 -4.872540533542633057e-01 1.000000000000000000e+00
-1.923485994338989258e-01 3.255984485149383545e-01 -5.011594891548156738e-01 1.000000000000000000e+00
-1.249902397394180298e-01 2.583301961421966553e-01 -6.042487025260925293e-01 1.000000000000000000e+00
-3.156055137515068054e-02 2.248996943235397339e-01 -6.569885015487670898e-01 1.000000000000000000e+00
2.568641863763332367e-02 2.279837727546691895e-01 -6.647415161132812500e-01 1.000000000000000000e+00
8.329787850379943848e-02 2.223728001117706299e-01 -6.567274928092956543e-01 1.000000000000000000e+00
1.766785085201263428e-01 2.512121498584747314e-01 -5.998092293739318848e-01 1.000000000000000000e+00
2.508541345596313477e-01 3.092918694019317627e-01 -4.968469440937042236e-01 1.000000000000000000e+00
1.911621689796447754e-01 3.624382317066192627e-01 -5.526655912399291992e-01 1.000000000000000000e+00
1.038452684879302979e-01 3.898692131042480469e-01 -6.071149706840515137e-01 1.000000000000000000e+00
4.013911634683609009e-02 3.995749652385711670e-01 -6.129112839698791504e-01 1.000000000000000000e+00
-2.642222680151462555e-02 3.944225311279296875e-01 -6.064515709877014160e-01 1.000000000000000000e+00
-1.208117306232452393e-01 3.754462301731109619e-01 -5.586653947830200195e-01 1.000000000000000000e+00
-1.865047961473464966e-01 3.254950940608978271e-01 -4.977845251560211182e-01 1.000000000000000000e+00
-3.026329539716243744e-02 2.879202961921691895e-01 -6.029418110847473145e-01 1.000000000000000000e+00
2.719072252511978149e-02 2.863909304141998291e-01 -6.106027364730834961e-01 1.000000000000000000e+00
8.430725336074829102e-02 2.876538038253784180e-01 -6.000502705574035645e-01 1.000000000000000000e+00
2.483896762132644653e-01 3.087390363216400146e-01 -4.969083070755004883e-01 1.000000000000000000e+00
9.818845987319946289e-02 3.243175148963928223e-01 -5.882817506790161133e-01 1.000000000000000000e+00
3.664299100637435913e-02 3.273658752441406250e-01 -5.923626422882080078e-01 1.000000000000000000e+00
-2.566991746425628662e-02 3.292472064495086670e-01 -5.894768238067626953e-01 1.000000000000000000e+00
