-7.305742502212524414e-01 -3.544954657554626465e-01
-7.076297402381896973e-01 -1.605462729930877686e-01
-6.902804970741271973e-01 2.585653774440288544e-02
-6.558742523193359375e-01 2.056874781847000122e-01
-5.798677802085876465e-01 3.713838160037994385e-01
-4.811997711658477783e-01 5.239755511283874512e-01
-3.272898495197296143e-01 6.470889449119567871e-01
-1.330472379922866821e-01 7.210447788238525391e-01
4.706067591905593872e-02 7.446602582931518555e-01
2.205468416213989258e-01 7.027072906494140625e-01
4.042929112911224365e-01 6.142997741699218750e-01
5.301505923271179199e-01 4.775155186653137207e-01
6.104649901390075684e-01 3.225064277648925781e-01
6.647063493728637695e-01 1.561134606599807739e-01
6.840982437133789062e-01 -2.085049450397491455e-02
6.927435994148254395e-01 -2.043108940124511719e-01
7.079669237136840820e-01 -3.955720663070678711e-01
-6.086894273757934570e-01 -4.425697028636932373e-01
-5.160931944847106934e-01 -6.101606488227844238e-01
-3.727184832096099854e-01 -6.430305242538452148e-01
-2.211629599332809448e-01 -6.240647435188293457e-01
-9.313835948705673218e-02 -5.784617662429809570e-01
9.809164702892303467e-02 -5.841597914695739746e-01
2.227283865213394165e-01 -6.370176076889038086e-01
3.705837428569793701e-01 -6.647362112998962402e-01
5.092039108276367188e-01 -6.423192620277404785e-01
6.028653979301452637e-01 -4.815360903739929199e-01
8.170971646904945374e-03 -4.166839718818664551e-01
1.423410233110189438e-02 -2.871250212192535400e-01
1.755156368017196655e-02 -1.919025629758834839e-01
2.190896682441234589e-02 -9.247016161680221558e-02
-1.022180765867233276e-01 3.514360636472702026e-02
-4.064070060849189758e-02 4.771245270967483521e-02
1.895420812070369720e-02 6.270385533571243286e-02
7.764117419719696045e-02 4.537980258464813232e-02
1.364205926656723022e-01 3.018071502447128296e-02
-4.477467238903045654e-01 -3.641234636306762695e-01
-3.595054447650909424e-01 -4.128711819648742676e-01
-2.643206715583801270e-01 -4.117833971977233887e-01
-1.762834489345550537e-01 -3.665553927421569824e-01
-2.580356895923614502e-01 -3.369561135768890381e-01
-3.501836955547332764e-01 -3.291732370853424072e-01
1.851364672183990479e-01 -3.768582940101623535e-01
2.720291316509246826e-01 -4.251825511455535889e-01
3.666412830352783203e-01 -4.323785603046417236e-01
4.542592465877532959e-01 -3.896304070949554443e-01
3.610809147357940674e-01 -3.490562736988067627e-01
2.692463099956512451e-01 -3.517789840698242188e-01
-1.923485994338989258e-01 3.255984485149383545e-01
-1.249902397394180298e-01 2.583301961421966553e-01
-3.156055137515068054e-02 2.248996943235397339e-01
2.568641863763332367e-02 2.279837727546691895e-01
8.329787850379943848e-02 2.223728001117706299e-01
1.766785085201263428e-01 2.512121498584747314e-01
2.508541345596313477e-01 3.092918694019317627e-01
1.911621689796447754e-01 3.624382317066192627e-01
1.038452684879302979e-01 3.898692131042480469e-01
4.013911634683609009e-02 3.995749652385711670e-01
-2.642222680151462555e-02 3.944225311279296875e-01
-1.208117306232452393e-01 3.754462301731109619e-01
-1.865047961473464966e-01 3.254950940608978271e-01
-3.026329539716243744e-02 2.879202961921691895e-01
2.719072252511978149e-02 2.863909304141998291e-01
8.430725336074829102e-02 2.876538038253784180e-01
2.483896762132644653e-01 3.087390363216400146e-01
9.818845987319946289e-02 3.243175148963928223e-01
3.664299100637435913e-02 3.273658752441406250e-01
-2.566991746425628662e-02 3.292472064495086670e-01
