-6.871967315673828125e-01 -3.801530301570892334e-01
-6.912307739257812500e-01 -1.995139420032501221e-01
-6.551483869552612305e-01 -1.938823238015174866e-02
-6.286375522613525391e-01 1.366828083992004395e-01
-5.814574360847473145e-01 2.988693118095397949e-01
-5.129078626632690430e-01 4.554002583026885986e-01
-4.076403677463531494e-01 6.111618876457214355e-01
-2.404308617115020752e-01 7.445999383926391602e-01
-6.515190750360488892e-02 7.743355035781860352e-01
1.325707286596298218e-01 7.251811623573303223e-01
3.237377405166625977e-01 6.140667200088500977e-01
4.740489125251770020e-01 4.601740241050720215e-01
6.040083765983581543e-01 2.832373976707458496e-01
6.812178492546081543e-01 8.518351614475250244e-02
7.065269351005554199e-01 -1.044480353593826294e-01
7.069217562675476074e-01 -3.086361885070800781e-01
7.050617933273315430e-01 -5.064308643341064453e-01
-6.788978576660156250e-01 -4.859284460544586182e-01
-6.442874073982238770e-01 -6.453726291656494141e-01
-5.414997935295104980e-01 -6.723282337188720703e-01
-4.109410643577575684e-01 -6.537849903106689453e-01
-2.876775264739990234e-01 -6.122474074363708496e-01
-9.890998154878616333e-02 -6.199018359184265137e-01
2.472979389131069183e-02 -6.724944710731506348e-01
1.847620755434036255e-01 -7.079138755798339844e-01
3.529159128665924072e-01 -6.977675557136535645e-01
4.819594919681549072e-01 -5.486457943916320801e-01
-1.869630813598632812e-01 -4.676296710968017578e-01
-2.008262425661087036e-01 -3.341159820556640625e-01
-2.139746099710464478e-01 -2.231480777263641357e-01
-2.209157645702362061e-01 -1.080335304141044617e-01
-2.823458909988403320e-01 8.403571322560310364e-03
-2.313039004802703857e-01 2.385791018605232239e-02
-1.767615675926208496e-01 4.118101298809051514e-02
-1.148214116692543030e-01 1.964976824820041656e-02
-5.127010866999626160e-02 -3.430829092394560575e-04
-5.667841434478759766e-01 -4.114574193954467773e-01
-5.083988904953002930e-01 -4.677380919456481934e-01
-4.141282737255096436e-01 -4.684858918190002441e-01
-3.170309960842132568e-01 -4.183922111988067627e-01
-4.002977013587951660e-01 -3.798501193523406982e-01
-4.872837960720062256e-01 -3.708180487155914307e-01
2.104726806282997131e-02 -4.348918497562408447e-01
9.552558511495590210e-02 -4.914853572845458984e-01
1.922081559896469116e-01 -5.007159709930419922e-01
3.034612834453582764e-01 -4.540291726589202881e-01
1.938156932592391968e-01 -4.038143455982208252e-01
1.013779938220977783e-01 -4.041661620140075684e-01
-3.294098675251007080e-01 3.201210200786590576e-01
-2.970974147319793701e-01 2.487233579158782959e-01
-2.224094271659851074e-01 2.134712189435958862e-01
-1.679569184780120850e-01 2.152037322521209717e-01
-1.092291399836540222e-01 2.095330655574798584e-01
-1.788757042959332466e-03 2.375798523426055908e-01
9.889467060565948486e-02 2.994420528411865234e-01
3.239807486534118652e-02 3.645845651626586914e-01
-6.476841121912002563e-02 3.974381685256958008e-01
-1.278242319822311401e-01 4.075162112712860107e-01
-1.912081241607666016e-01 4.028115868568420410e-01
-2.724607288837432861e-01 3.800981342792510986e-01
-3.228209614753723145e-01 3.190655112266540527e-01
-2.030771821737289429e-01 2.774785161018371582e-01
-1.491136550903320312e-01 2.733856141567230225e-01
-9.022751450538635254e-02 2.763404250144958496e-01
9.660539031028747559e-02 2.985605299472808838e-01
-6.717662513256072998e-02 3.285969495773315430e-01
-1.273991316556930542e-01 3.327323198318481445e-01
-1.874486804008483887e-01 3.344530463218688965e-01
