-6.870773434638977051e-01 -4.299490153789520264e-01 3.301146030426025391e-01 0.000000000000000000e+00
-6.603024005889892578e-01 -2.367741316556930542e-01 3.686244487762451172e-01 0.000000000000000000e+00
-6.227880120277404785e-01 -2.007157914340496063e-02 3.952176868915557861e-01 0.000000000000000000e+00
-5.979652404785156250e-01 1.706506907939910889e-01 3.407410681247711182e-01 0.000000000000000000e+00
-5.509594678878784180e-01 3.559010028839111328e-01 2.084667086601257324e-01 0.000000000000000000e+00
-4.785760641098022461e-01 5.194735527038574219e-01 4.697939381003379822e-03 1.000000000000000000e+00
-3.690376877784729004e-01 6.551536917686462402e-01 -1.571149080991744995e-01 1.000000000000000000e+00
-2.302027046680450439e-01 7.497383356094360352e-01 -3.314456939697265625e-01 1.000000000000000000e+00
-3.562554344534873962e-02 7.802165746688842773e-01 -3.945603072643280029e-01 1.000000000000000000e+00
1.326139718294143677e-01 7.264514565467834473e-01 -4.193556904792785645e-01 1.000000000000000000e+00
3.211366832256317139e-01 6.163689494132995605e-01 -3.259054720401763916e-01 1.000000000000000000e+00
4.723359942436218262e-01 4.665156304836273193e-01 -2.314761579036712646e-01 1.000000000000000000e+00
6.053599715232849121e-01 2.908384799957275391e-01 -8.236873149871826172e-02 1.000000000000000000e+00
6.804860234260559082e-01 9.657680243253707886e-02 1.678670383989810944e-02 1.000000000000000000e+00
7.150540351867675781e-01 -9.069661796092987061e-02 5.001123994588851929e-02 1.000000000000000000e+00
7.141064405441284180e-01 -3.090108036994934082e-01 5.403188522905111313e-03 1.000000000000000000e+00
7.101781964302062988e-01 -5.038063526153564453e-01 -3.720944374799728394e-02 1.000000000000000000e+00
-6.788978576660156250e-01 -4.859284460544586182e-01 -1.482246965169906616e-01 1.000000000000000000e+00
-6.442874073982238770e-01 -6.453726291656494141e-01 -3.338143229484558105e-01 1.000000000000000000e+00
-5.414997935295104980e-01 -6.723282337188720703e-01 -5.020484328269958496e-01 1.000000000000000000e+00
-4.109410643577575684e-01 -6.537849903106689453e-01 -6.036754250526428223e-01 1.000000000000000000e+00
-2.876775264739990234e-01 -6.122474074363708496e-01 -6.495186090469360352e-01 1.000000000000000000e+00
-9.890998154878616333e-02 -6.199018359184265137e-01 -7.010514140129089355e-01 1.000000000000000000e+00
2.472979389131069183e-02 -6.724944710731506348e-01 -7.243052124977111816e-01 1.000000000000000000e+00
1.847620755434036255e-01 -7.079138755798339844e-01 -6.952530741691589355e-01 1.000000000000000000e+00
3.529159128665924072e-01 -6.977675557136535645e-01 -5.902415513992309570e-01 1.000000000000000000e+00
4.819594919681549072e-01 -5.486457943916320801e-01 -4.475964903831481934e-01 1.000000000000000000e+00
-1.869630813598632812e-01 -4.676296710968017578e-01 -6.887077093124389648e-01 1.000000000000000000e+00
-2.008262425661087036e-01 -3.341159820556640625e-01 -7.650876641273498535e-01 1.000000000000000000e+00
-2.139746099710464478e-01 -2.231480777263641357e-01 -8.311670422554016113e-01 1.000000000000000000e+00
-2.209157645702362061e-01 -1.080335304141044617e-01 -8.827033042907714844e-01 1.000000000000000000e+00
-2.823458909988403320e-01 8.403571322560310364e-03 -6.335293650627136230e-01 1.000000000000000000e+00
-2.313039004802703857e-01 2.385791018605232239e-02 -6.790727972984313965e-01 1.000000000000000000e+00
-1.767615675926208496e-01 4.118101298809051514e-02 -7.143170237541198730e-01 1.000000000000000000e+00
-1.148214116692543030e-01 1.964976824820041656e-02 -7.116007208824157715e-01 1.000000000000000000e+00
-5.127010866999626160e-02 -3.430829092394560575e-04 -6.946698427200317383e-01 1.000000000000000000e+00
-5.667841434478759766e-01 -4.114574193954467773e-01 -3.423865139484405518e-01 1.000000000000000000e+00
-5.083988904953002930e-01 -4.677380919456481934e-01 -4.606184661388397217e-01 1.000000000000000000e+00
-4.141282737255096436e-01 -4.684858918190002441e-01 -4.912643432617187500e-01 1.000000000000000000e+00
-3.170309960842132568e-01 -4.183922111988067627e-01 -4.775840342044830322e-01 1.000000000000000000e+00
-4.002977013587951660e-01 -3.798501193523406982e-01 -4.687213301658630371e-01 1.000000000000000000e+00
-4.872837960720062256e-01 -3.708180487155914307e-01 -4.351132214069366455e-01 1.000000000000000000e+00
2.104726806282997131e-02 -4.348918497562408447e-01 -5.711436867713928223e-01 1.000000000000000000e+00
9.552558511495590210e-02 -4.914853572845458984e-01 -6.285644769668579102e-01 1.000000000000000000e+00
1.922081559896469116e-01 -5.007159709930419922e-01 -6.476950645446777344e-01 1.000000000000000000e+00
3.034612834453582764e-01 -4.540291726589202881e-01 -5.697321295738220215e-01 1.000000000000000000e+00
1.938156932592391968e-01 -4.038143455982208252e-01 -6.160128116607666016e-01 1.000000000000000000e+00
1.013779938220977783e-01 -4.041661620140075684e-01 -6.042101979255676270e-01 1.000000000000000000e+00
-3.294098675251007080e-01 3.201210200786590576e-01 -4.911182820796966553e-01 1.000000000000000000e+00
-2.970974147319793701e-01 2.487233579158782959e-01 -6.174295544624328613e-01 1.000000000000000000e+00
-2.224094271659851074e-01 2.134712189435958862e-01 -6.961797475814819336e-01 1.000000000000000000e+00
-1.679569184780120850e-01 2.152037322521209717e-01 -7.183122634887695312e-01 1.000000000000000000e+00
-1.092291399836540222e-01 2.095330655574798584e-01 -7.272614240646362305e-01 1.000000000000000000e+00
-1.788757042959332466e-03 2.375798523426055908e-01 -6.942054033279418945e-01 1.000000000000000000e+00
9.889467060565948486e-02 2.994420528411865234e-01 -6.029310226440429688e-01 1.000000000000000000e+00
3.239807486534118652e-02 3.645845651626586914e-01 -6.368513107299804688e-01 1.000000000000000000e+00
-6.476841121912002563e-02 3.974381685256958008e-01 -6.598583459854125977e-01 1.000000000000000000e+00
-1.278242319822311401e-01 4.075162112712860107e-01 -6.475763916969299316e-01 1.000000000000000000e+00
-1.912081241607666016e-01 4.028115868568420410e-01 -6.263912320137023926e-01 1.000000000000000000e+00
-2.724607288837432861e-01 3.800981342792510986e-01 -5.610976815223693848e-01 1.000000000000000000e+00
-3.228209614753723145e-01 3.190655112266540527e-01 -4.882808923721313477e-01 1.000000000000000000e+00
-2.030771821737289429e-01 2.774785161018371582e-01 -6.355966329574584961e-01 1.000000000000000000e+00
-1.491136550903320312e-01 2.733856141567230225e-01 -6.583706736564636230e-01 1.000000000000000000e+00
-9.022751450538635254e-02 2.763404250144958496e-01 -6.640087366104125977e-01 1.000000000000000000e+00
9.660539031028747559e-02 2.985605299472808838e-01 -6.020481586456298828e-01 1.000000000000000000e+00
-6.717662513256072998e-02 3.285969495773315430e-01 -6.448870301246643066e-01 1.000000000000000000e+00
-1.273991316556930542e-01 3.327323198318481445e-01 -6.324578523635864258e-01 1.000000000000000000e+00
-1.874486804008483887e-01 3.344530463218688965e-01 -6.139196753501892090e-01 1.000000000000000000e+00
