-6.869452595710754395e-01 -4.300309419631958008e-01 3.302747011184692383e-01 0.000000000000000000e+00
-6.602026224136352539e-01 -2.368513494729995728e-01 3.687037229537963867e-01 0.000000000000000000e+00
-6.227364540100097656e-01 -2.020214311778545380e-02 3.951373100280761719e-01 0.000000000000000000e+00
-5.977839231491088867e-01 1.703150123357772827e-01 3.403265476226806641e-01 0.000000000000000000e+00
-5.509803891181945801e-01 3.552602529525756836e-01 2.077226638793945312e-01 0.000000000000000000e+00
-4.787548482418060303e-01 5.182168483734130859e-01 3.431949997320771217e-03 1.000000000000000000e+00
-3.690730631351470947e-01 6.529995799064636230e-01 -1.589975208044052124e-01 1.000000000000000000e+00
-2.302253097295761108e-01 7.469426989555358887e-01 -3.341712653636932373e-01 1.000000000000000000e+00
-3.555918112397193909e-02 7.772496342658996582e-01 -3.970984220504760742e-01 1.000000000000000000e+00
1.328228116035461426e-01 7.239833474159240723e-01 -4.213154613971710205e-01 1.000000000000000000e+00
3.213455080986022949e-01 6.147209405899047852e-01 -3.266721069812774658e-01 1.000000000000000000e+00
4.726402759552001953e-01 4.658116400241851807e-01 -2.316893041133880615e-01 1.000000000000000000e+00
6.053301692008972168e-01 2.906879186630249023e-01 -8.217145502567291260e-02 1.000000000000000000e+00
6.803266406059265137e-01 9.666457772254943848e-02 1.720432378351688385e-02 1.000000000000000000e+00
7.151450514793395996e-01 -9.054601192474365234e-02 5.047145858407020569e-02 1.000000000000000000e+00
7.142431735992431641e-01 -3.089064359664916992e-01 5.829310510307550430e-03 1.000000000000000000e+00
7.103316187858581543e-01 -5.037492513656616211e-01 -3.679421916604042053e-02 1.000000000000000000e+00
-6.788570880889892578e-01 -4.859134256839752197e-01 -1.480741500854492188e-01 1.000000000000000000e+00
-6.442834138870239258e-01 -6.451514959335327148e-01 -3.335649967193603516e-01 1.000000000000000000e+00
-5.414121747016906738e-01 -6.718150973320007324e-01 -5.017696619033813477e-01 1.000000000000000000e+00
-4.105774164199829102e-01 -6.527723670005798340e-01 -6.032530069351196289e-01 1.000000000000000000e+00
-2.873808145523071289e-01 -6.112258434295654297e-01 -6.492691040039062500e-01 1.000000000000000000e+00
-9.892515093088150024e-02 -6.187629699707031250e-01 -7.007170319557189941e-01 1.000000000000000000e+00
2.466617897152900696e-02 -6.713269352912902832e-01 -7.237402796745300293e-01 1.000000000000000000e+00
1.847675740718841553e-01 -7.071960568428039551e-01 -6.950501203536987305e-01 1.000000000000000000e+00
3.529755771160125732e-01 -6.973509788513183594e-01 -5.901713371276855469e-01 1.000000000000000000e+00
4.821425974369049072e-01 -5.485445261001586914e-01 -4.474632143974304199e-01 1.000000000000000000e+00
-1.869722455739974976e-01 -4.673847556114196777e-01 -6.888235211372375488e-01 1.000000000000000000e+00
-2.007944434881210327e-01 -3.345010876655578613e-01 -7.650595903396606445e-01 1.000000000000000000e+00
-2.139576077461242676e-01 -2.239189594984054565e-01 -8.311750888824462891e-01 1.000000000000000000e+00
-2.209604978561401367e-01 -1.090105623006820679e-01 -8.829142451286315918e-01 1.000000000000000000e+00
-2.823999226093292236e-01 6.524913478642702103e-03 -6.337295770645141602e-01 1.000000000000000000e+00
-2.314327508211135864e-01 2.255012840032577515e-02 -6.795008182525634766e-01 1.000000000000000000e+00
-1.768634766340255737e-01 4.004988446831703186e-02 -7.147808074951171875e-01 1.000000000000000000e+00
-1.148818209767341614e-01 1.833524554967880249e-02 -7.120608091354370117e-01 1.000000000000000000e+00
-5.132059007883071899e-02 -2.234380226582288742e-03 -6.948797702789306641e-01 1.000000000000000000e+00
-5.667566657066345215e-01 -4.112614691257476807e-01 -3.424880206584930420e-01 1.000000000000000000e+00
-5.083231925964355469e-01 -4.670869410037994385e-01 -4.606106281280517578e-01 1.000000000000000000e+00
-4.141649007797241211e-01 -4.678815007209777832e-01 -4.912060201168060303e-01 1.000000000000000000e+00
-3.170883357524871826e-01 -4.181518852710723877e-01 -4.775297343730926514e-01 1.000000000000000000e+00
-4.003108143806457520e-01 -3.797846138477325439e-01 -4.687204062938690186e-01 1.000000000000000000e+00
-4.873378872871398926e-01 -3.707794547080993652e-01 -4.351579844951629639e-01 1.000000000000000000e+00
2.113136276602745056e-02 -4.346403777599334717e-01 -5.711902976036071777e-01 1.000000000000000000e+00
9.564818441867828369e-02 -4.907468259334564209e-01 -6.285874843597412109e-01 1.000000000000000000e+00
1.922181397676467896e-01 -4.998626708984375000e-01 -6.476886868476867676e-01 1.000000000000000000e+00
3.034235537052154541e-01 -4.537883996963500977e-01 -5.698584318161010742e-01 1.000000000000000000e+00
1.938474029302597046e-01 -4.037469327449798584e-01 -6.161319613456726074e-01 1.000000000000000000e+00
1.013785004615783691e-01 -4.040970206260681152e-01 -6.042667031288146973e-01 1.000000000000000000e+00
-3.294596672058105469e-01 3.177251815795898438e-01 -4.929404854774475098e-01 1.000000000000000000e+00
-2.970716655254364014e-01 2.466657459735870361e-01 -6.176115870475769043e-01 1.000000000000000000e+00
-2.222373187541961670e-01 2.116855680942535400e-01 -6.960713267326354980e-01 1.000000000000000000e+00
-1.677740663290023804e-01 2.135768681764602661e-01 -7.181154489517211914e-01 1.000000000000000000e+00
-1.090410202741622925e-01 2.077059596776962280e-01 -7.271328568458557129e-01 1.000000000000000000e+00
-1.244898303411900997e-03 2.353749573230743408e-01 -6.943733096122741699e-01 1.000000000000000000e+00
1.001074761152267456e-01 2.971685826778411865e-01 -6.042335033416748047e-01 1.000000000000000000e+00
3.374067693948745728e-02 3.612240850925445557e-01 -6.384878158569335938e-01 1.000000000000000000e+00
-6.354881078004837036e-02 3.932617604732513428e-01 -6.619377136230468750e-01 1.000000000000000000e+00
-1.266303509473800659e-01 4.031454920768737793e-01 -6.499101519584655762e-01 1.000000000000000000e+00
-1.900631785392761230e-01 3.985068798065185547e-01 -6.287536025047302246e-01 1.000000000000000000e+00
-2.717534005641937256e-01 3.765101432800292969e-01 -5.635029673576354980e-01 1.000000000000000000e+00
-3.227437734603881836e-01 3.165259957313537598e-01 -4.901595115661621094e-01 1.000000000000000000e+00
-2.030131369829177856e-01 2.755539417266845703e-01 -6.357632279396057129e-01 1.000000000000000000e+00
-1.489008069038391113e-01 2.715017199516296387e-01 -6.584257483482360840e-01 1.000000000000000000e+00
-8.995714783668518066e-02 2.743145227432250977e-01 -6.643210649490356445e-01 1.000000000000000000e+00
9.777747839689254761e-02 2.962789535522460938e-01 -6.033403873443603516e-01 1.000000000000000000e+00
-6.574465334415435791e-02 3.244340121746063232e-01 -6.470490694046020508e-01 1.000000000000000000e+00
-1.261098086833953857e-01 3.282599151134490967e-01 -6.347877979278564453e-01 1.000000000000000000e+00
-1.864341199398040771e-01 3.301721513271331787e-01 -6.163331270217895508e-01 1.000000000000000000e+00
