-6.870721578598022461e-01 -3.804234564304351807e-01
-6.909654140472412109e-01 -2.001564502716064453e-01
-6.548006534576416016e-01 -2.040128968656063080e-02
-6.285377144813537598e-01 1.359179168939590454e-01
-5.817320346832275391e-01 2.980812191963195801e-01
-5.132443904876708984e-01 4.543328583240509033e-01
-4.077428579330444336e-01 6.092427968978881836e-01
-2.404213398694992065e-01 7.417108416557312012e-01
-6.498525291681289673e-02 7.711535692214965820e-01
1.328000426292419434e-01 7.227008342742919922e-01
3.239526748657226562e-01 6.124349832534790039e-01
4.743991196155548096e-01 4.594908654689788818e-01
6.040571331977844238e-01 2.830903530120849609e-01
6.810816526412963867e-01 8.527077734470367432e-02
7.066214084625244141e-01 -1.043127030134201050e-01
7.070706486701965332e-01 -3.085314035415649414e-01
7.052155137062072754e-01 -5.063845515251159668e-01
-6.788570880889892578e-01 -4.859134256839752197e-01
-6.442834138870239258e-01 -6.451514959335327148e-01
-5.414121747016906738e-01 -6.718150973320007324e-01
-4.105774164199829102e-01 -6.527723670005798340e-01
-2.873808145523071289e-01 -6.112258434295654297e-01
-9.892515093088150024e-02 -6.187629699707031250e-01
2.466617897152900696e-02 -6.713269352912902832e-01
1.847675740718841553e-01 -7.071960568428039551e-01
3.529755771160125732e-01 -6.973509788513183594e-01
4.821425974369049072e-01 -5.485445261001586914e-01
-1.869722455739974976e-01 -4.673847556114196777e-01
-2.007944434881210327e-01 -3.345010876655578613e-01
-2.139576077461242676e-01 -2.239189594984054565e-01
-2.209604978561401367e-01 -1.090105623006820679e-01
-2.823999226093292236e-01 6.524913478642702103e-03
-2.314327508211135864e-01 2.255012840032577515e-02
-1.768634766340255737e-01 4.004988446831703186e-02
-1.148818209767341614e-01 1.833524554967880249e-02
-5.132059007883071899e-02 -2.234380226582288742e-03
-5.667566657066345215e-01 -4.112614691257476807e-01
-5.083231925964355469e-01 -4.670869410037994385e-01
-4.141649007797241211e-01 -4.678815007209777832e-01
-3.170883357524871826e-01 -4.181518852710723877e-01
-4.003108143806457520e-01 -3.797846138477325439e-01
-4.873378872871398926e-01 -3.707794547080993652e-01
2.113136276602745056e-02 -4.346403777599334717e-01
9.564818441867828369e-02 -4.907468259334564209e-01
1.922181397676467896e-01 -4.998626708984375000e-01
3.034235537052154541e-01 -4.537883996963500977e-01
1.938474029302597046e-01 -4.037469327449798584e-01
1.013785004615783691e-01 -4.040970206260681152e-01
-3.294596672058105469e-01 3.177251815795898438e-01
-2.970716655254364014e-01 2.466657459735870361e-01
-2.222373187541961670e-01 2.116855680942535400e-01
-1.677740663290023804e-01 2.135768681764602661e-01
-1.090410202741622925e-01 2.077059596776962280e-01
-1.244898303411900997e-03 2.353749573230743408e-01
1.001074761152267456e-01 2.971685826778411865e-01
3.374067693948745728e-02 3.612240850925445557e-01
-6.354881078004837036e-02 3.932617604732513428e-01
-1.266303509473800659e-01 4.031454920768737793e-01
-1.900631785392761230e-01 3.985068798065185547e-01
-2.717534005641937256e-01 3.765101432800292969e-01
-3.227437734603881836e-01 3.165259957313537598e-01
-2.030131369829177856e-01 2.755539417266845703e-01
-1.489008069038391113e-01 2.715017199516296387e-01
-8.995714783668518066e-02 2.743145227432250977e-01
9.777747839689254761e-02 2.962789535522460938e-01
-6.574465334415435791e-02 3.244340121746063232e-01
-1.261098086833953857e-01 3.282599151134490967e-01
-1.864341199398040771e-01 3.301721513271331787e-01
