-7.120189666748046875e-01 -4.202688038349151611e-01 2.592619061470031738e-01 1.000000000000000000e+00
-6.797191500663757324e-01 -2.288144379854202271e-01 2.937075495719909668e-01 1.000000000000000000e+00
-6.344307661056518555e-01 -1.505464315414428711e-02 3.204168975353240967e-01 0.000000000000000000e+00
-5.804442167282104492e-01 1.764159202575683594e-01 2.668710947036743164e-01 0.000000000000000000e+00
-5.253147482872009277e-01 3.609189093112945557e-01 1.454593986272811890e-01 0.000000000000000000e+00
-4.459305107593536377e-01 5.154062509536743164e-01 -3.781566768884658813e-02 1.000000000000000000e+00
-3.232930600643157959e-01 6.333441734313964844e-01 -1.728558838367462158e-01 1.000000000000000000e+00
-1.796393096446990967e-01 7.179971337318420410e-01 -3.310500085353851318e-01 1.000000000000000000e+00
2.200461458414793015e-03 7.462462186813354492e-01 -3.689688146114349365e-01 1.000000000000000000e+00
1.593046188354492188e-01 6.982766389846801758e-01 -3.801327943801879883e-01 1.000000000000000000e+00
3.289434611797332764e-01 6.011058688163757324e-01 -2.704244852066040039e-01 1.000000000000000000e+00
4.671694338321685791e-01 4.706014096736907959e-01 -1.785721331834793091e-01 1.000000000000000000e+00
5.756852626800537109e-01 3.066960573196411133e-01 -2.645568922162055969e-02 1.000000000000000000e+00
6.443641781806945801e-01 1.163602024316787720e-01 7.277563959360122681e-02 1.000000000000000000e+00
6.960102915763854980e-01 -7.335746288299560547e-02 1.037224680185317993e-01 1.000000000000000000e+00
7.118026614189147949e-01 -2.895048260688781738e-01 5.975799262523651123e-02 1.000000000000000000e+00
7.318966984748840332e-01 -4.829391241073608398e-01 2.161239832639694214e-02 1.000000000000000000e+00
-6.737838983535766602e-01 -4.797266721725463867e-01 -2.223619371652603149e-01 1.000000000000000000e+00
-6.213723421096801758e-01 -6.480937004089355469e-01 -4.037300348281860352e-01 1.000000000000000000e+00
-5.017060637474060059e-01 -6.773946285247802734e-01 -5.620241761207580566e-01 1.000000000000000000e+00
-3.580256402492523193e-01 -6.542645096778869629e-01 -6.529010534286499023e-01 1.000000000000000000e+00
-2.289849519729614258e-01 -6.045758128166198730e-01 -6.905227303504943848e-01 1.000000000000000000e+00
-2.618947997689247131e-02 -6.120734810829162598e-01 -7.236831188201904297e-01 1.000000000000000000e+00
1.039936020970344543e-01 -6.713206768035888672e-01 -7.303630709648132324e-01 1.000000000000000000e+00
2.670557796955108643e-01 -7.084777951240539551e-01 -6.856840848922729492e-01 1.000000000000000000e+00
4.301999211311340332e-01 -6.943657398223876953e-01 -5.675338506698608398e-01 1.000000000000000000e+00
5.439777374267578125e-01 -5.345911979675292969e-01 -4.132143557071685791e-01 1.000000000000000000e+00
-1.218737587332725525e-01 -4.382628500461578369e-01 -7.169913649559020996e-01 1.000000000000000000e+00
-1.270080357789993286e-01 -2.975977659225463867e-01 -7.895112037658691406e-01 1.000000000000000000e+00
-1.340995281934738159e-01 -1.878556013107299805e-01 -8.548478484153747559e-01 1.000000000000000000e+00
-1.369112581014633179e-01 -7.539696246385574341e-02 -9.041481614112854004e-01 1.000000000000000000e+00
-2.207093238830566406e-01 4.840511828660964966e-02 -6.725724935531616211e-01 1.000000000000000000e+00
-1.662020385265350342e-01 6.304487586021423340e-02 -7.095823884010314941e-01 1.000000000000000000e+00
-1.078292429447174072e-01 7.940988242626190186e-02 -7.378053069114685059e-01 1.000000000000000000e+00
-4.533224180340766907e-02 5.924392491579055786e-02 -7.291782498359680176e-01 1.000000000000000000e+00
1.616483367979526520e-02 3.973610326647758484e-02 -7.106278538703918457e-01 1.000000000000000000e+00
-5.536385774612426758e-01 -3.937459886074066162e-01 -4.189368486404418945e-01 1.000000000000000000e+00
-4.819937348365783691e-01 -4.524891674518585205e-01 -5.345746874809265137e-01 1.000000000000000000e+00
-3.850109875202178955e-01 -4.498199522495269775e-01 -5.586426854133605957e-01 1.000000000000000000e+00
-2.917773723602294922e-01 -3.910217583179473877e-01 -5.382165908813476562e-01 1.000000000000000000e+00
-3.732733726501464844e-01 -3.558937311172485352e-01 -5.327816605567932129e-01 1.000000000000000000e+00
-4.657802283763885498e-01 -3.477038145065307617e-01 -5.063913464546203613e-01 1.000000000000000000e+00
8.937433362007141113e-02 -4.057486355304718018e-01 -6.025805473327636719e-01 1.000000000000000000e+00
1.688072830438613892e-01 -4.702709615230560303e-01 -6.504075527191162109e-01 1.000000000000000000e+00
2.680575847625732422e-01 -4.824476540088653564e-01 -6.579569578170776367e-01 1.000000000000000000e+00
3.761766552925109863e-01 -4.317095577716827393e-01 -5.690184831619262695e-01 1.000000000000000000e+00
2.687969207763671875e-01 -3.775053322315216064e-01 -6.268075108528137207e-01 1.000000000000000000e+00
1.723258644342422485e-01 -3.776994049549102783e-01 -6.237693428993225098e-01 1.000000000000000000e+00
-2.823050618171691895e-01 3.290486633777618408e-01 -5.159694552421569824e-01 1.000000000000000000e+00
-2.350810021162033081e-01 2.713263928890228271e-01 -6.395089626312255859e-01 1.000000000000000000e+00
-1.538764536380767822e-01 2.414236813783645630e-01 -7.115113735198974609e-01 1.000000000000000000e+00
-9.865771979093551636e-02 2.441105991601943970e-01 -7.282361984252929688e-01 1.000000000000000000e+00
-4.055692628026008606e-02 2.373800128698348999e-01 -7.297531962394714355e-01 1.000000000000000000e+00
6.131498143076896667e-02 2.596871256828308105e-01 -6.846365332603454590e-01 1.000000000000000000e+00
1.555334776639938354e-01 3.062548339366912842e-01 -5.831102132797241211e-01 1.000000000000000000e+00
9.291341900825500488e-02 3.661336898803710938e-01 -6.275811195373535156e-01 1.000000000000000000e+00
-3.092850092798471451e-03 3.993729352951049805e-01 -6.645643711090087891e-01 1.000000000000000000e+00
-6.803141534328460693e-02 4.106530547142028809e-01 -6.591299772262573242e-01 1.000000000000000000e+00
-1.339268088340759277e-01 4.060569703578948975e-01 -6.436898112297058105e-01 1.000000000000000000e+00
-2.211371958255767822e-01 3.832956552505493164e-01 -5.819275975227355957e-01 1.000000000000000000e+00
-2.763133347034454346e-01 3.287510275840759277e-01 -5.131047368049621582e-01 1.000000000000000000e+00
-1.412208825349807739e-01 3.005381226539611816e-01 -6.498131752014160156e-01 1.000000000000000000e+00
-8.656850457191467285e-02 2.990584969520568848e-01 -6.675843596458435059e-01 1.000000000000000000e+00
-2.873381413519382477e-02 2.970752716064453125e-01 -6.656890511512756348e-01 1.000000000000000000e+00
1.531039625406265259e-01 3.056422770023345947e-01 -5.827654004096984863e-01 1.000000000000000000e+00
-7.475768215954303741e-03 3.296632170677185059e-01 -6.508598327636718750e-01 1.000000000000000000e+00
-7.041332870721817017e-02 3.340897262096405029e-01 -6.445304155349731445e-01 1.000000000000000000e+00
-1.315726637840270996e-01 3.362910449504852295e-01 -6.313922405242919922e-01 1.000000000000000000e+00
