-7.081063389778137207e-01 -3.795299828052520752e-01
-7.004090547561645508e-01 -1.818771064281463623e-01
-6.634243130683898926e-01 -2.143171441275626421e-04
-6.242871284484863281e-01 1.499869078397750854e-01
-5.678504109382629395e-01 3.118782043457031250e-01
-4.845104217529296875e-01 4.613246023654937744e-01
-3.571351468563079834e-01 6.006109714508056641e-01
-1.878005862236022949e-01 7.117894887924194336e-01
-1.920457743108272552e-02 7.403950095176696777e-01
1.582315564155578613e-01 6.958554983139038086e-01
3.348145782947540283e-01 5.933822989463806152e-01
4.776602983474731445e-01 4.549286961555480957e-01
5.806567668914794922e-01 2.882028222084045410e-01
6.486910581588745117e-01 9.337282925844192505e-02
6.873009204864501953e-01 -9.458889067173004150e-02
7.039821743965148926e-01 -2.919232249259948730e-01
7.177150845527648926e-01 -4.841347038745880127e-01
-6.737838983535766602e-01 -4.797266721725463867e-01
-6.213723421096801758e-01 -6.480937004089355469e-01
-5.017060637474060059e-01 -6.773946285247802734e-01
-3.580256402492523193e-01 -6.542645096778869629e-01
-2.289849519729614258e-01 -6.045758128166198730e-01
-2.618947997689247131e-02 -6.120734810829162598e-01
1.039936020970344543e-01 -6.713206768035888672e-01
2.670557796955108643e-01 -7.084777951240539551e-01
4.301999211311340332e-01 -6.943657398223876953e-01
5.439777374267578125e-01 -5.345911979675292969e-01
-1.218737587332725525e-01 -4.382628500461578369e-01
-1.270080357789993286e-01 -2.975977659225463867e-01
-1.340995281934738159e-01 -1.878556013107299805e-01
-1.369112581014633179e-01 -7.539696246385574341e-02
-2.207093238830566406e-01 4.840511828660964966e-02
-1.662020385265350342e-01 6.304487586021423340e-02
-1.078292429447174072e-01 7.940988242626190186e-02
-4.533224180340766907e-02 5.924392491579055786e-02
1.616483367979526520e-02 3.973610326647758484e-02
-5.536385774612426758e-01 -3.937459886074066162e-01
-4.819937348365783691e-01 -4.524891674518585205e-01
-3.850109875202178955e-01 -4.498199522495269775e-01
-2.917773723602294922e-01 -3.910217583179473877e-01
-3.732733726501464844e-01 -3.558937311172485352e-01
-4.657802283763885498e-01 -3.477038145065307617e-01
8.937433362007141113e-02 -4.057486355304718018e-01
1.688072830438613892e-01 -4.702709615230560303e-01
2.680575847625732422e-01 -4.824476540088653564e-01
3.761766552925109863e-01 -4.317095577716827393e-01
2.687969207763671875e-01 -3.775053322315216064e-01
1.723258644342422485e-01 -3.776994049549102783e-01
-2.823050618171691895e-01 3.290486633777618408e-01
-2.350810021162033081e-01 2.713263928890228271e-01
-1.538764536380767822e-01 2.414236813783645630e-01
-9.865771979093551636e-02 2.441105991601943970e-01
-4.055692628026008606e-02 2.373800128698348999e-01
6.131498143076896667e-02 2.596871256828308105e-01
1.555334776639938354e-01 3.062548339366912842e-01
9.291341900825500488e-02 3.661336898803710938e-01
-3.092850092798471451e-03 3.993729352951049805e-01
-6.803141534328460693e-02 4.106530547142028809e-01
-1.339268088340759277e-01 4.060569703578948975e-01
-2.211371958255767822e-01 3.832956552505493164e-01
-2.763133347034454346e-01 3.287510275840759277e-01
-1.412208825349807739e-01 3.005381226539611816e-01
-8.656850457191467285e-02 2.990584969520568848e-01
-2.873381413519382477e-02 2.970752716064453125e-01
1.531039625406265259e-01 3.056422770023345947e-01
-7.475768215954303741e-03 3.296632170677185059e-01
-7.041332870721817017e-02 3.340897262096405029e-01
-1.315726637840270996e-01 3.362910449504852295e-01
