-7.298120260238647461e-01 -3.547834455966949463e-01
-7.071776986122131348e-01 -1.611861437559127808e-01
-6.904576420783996582e-01 2.450843714177608490e-02
-6.564441323280334473e-01 2.043243348598480225e-01
-5.807136297225952148e-01 3.701725602149963379e-01
-4.824899733066558838e-01 5.235780477523803711e-01
-3.292761445045471191e-01 6.490355134010314941e-01
-1.351277232170104980e-01 7.258787751197814941e-01
4.561366140842437744e-02 7.510765194892883301e-01
2.197493910789489746e-01 7.100158929824829102e-01
4.035679101943969727e-01 6.208509802818298340e-01
5.297629833221435547e-01 4.823086559772491455e-01
6.107715964317321777e-01 3.260735273361206055e-01
6.655936837196350098e-01 1.587028652429580688e-01
6.851113438606262207e-01 -1.861000247299671173e-02
6.934626698493957520e-01 -2.020318508148193359e-01
7.085891366004943848e-01 -3.943843841552734375e-01
-6.084756255149841309e-01 -4.428287744522094727e-01
-5.164036154747009277e-01 -6.116126775741577148e-01
-3.736625313758850098e-01 -6.443485021591186523e-01
-2.221466302871704102e-01 -6.253082156181335449e-01
-9.366042166948318481e-02 -5.786141753196716309e-01
9.860841184854507446e-02 -5.838197469711303711e-01
2.238219231367111206e-01 -6.374818086624145508e-01
3.716091513633728027e-01 -6.657025218009948730e-01
5.099897384643554688e-01 -6.431424617767333984e-01
6.033551096916198730e-01 -4.807973206043243408e-01
8.236797526478767395e-03 -4.152214229106903076e-01
1.413743663579225540e-02 -2.853863537311553955e-01
1.737861894071102142e-02 -1.895146369934082031e-01
2.187335491180419922e-02 -8.950968086719512939e-02
-1.026005968451499939e-01 3.837535902857780457e-02
-4.079678654670715332e-02 5.043370649218559265e-02
1.913633197546005249e-02 6.518267095088958740e-02
7.789735496044158936e-02 4.805671051144599915e-02
1.367634236812591553e-01 3.328214585781097412e-02
-4.488697946071624756e-01 -3.676345348358154297e-01
-3.614962100982666016e-01 -4.251104593276977539e-01
-2.640058994293212891e-01 -4.223425984382629395e-01
-1.763442754745483398e-01 -3.681245446205139160e-01
-2.575336396694183350e-01 -3.370863497257232666e-01
-3.498031795024871826e-01 -3.299209475517272949e-01
1.852007508277893066e-01 -3.783330917358398438e-01
2.711074352264404297e-01 -4.361596405506134033e-01
3.679808378219604492e-01 -4.453397393226623535e-01
4.552966952323913574e-01 -3.928513526916503906e-01
3.608416914939880371e-01 -3.493538498878479004e-01
2.688715457916259766e-01 -3.515981137752532959e-01
-1.906972080469131470e-01 3.281916677951812744e-01
-1.243272125720977783e-01 2.609454095363616943e-01
-3.134335204958915710e-02 2.269941121339797974e-01
2.581745013594627380e-02 2.296747565269470215e-01
8.336548507213592529e-02 2.245320081710815430e-01
1.770435869693756104e-01 2.542466819286346436e-01
2.520374357700347900e-01 3.145060837268829346e-01
1.932338774204254150e-01 3.673545122146606445e-01
1.065238714218139648e-01 3.938341140747070312e-01
4.321929067373275757e-02 4.028427004814147949e-01
-2.303102798759937286e-02 3.972542881965637207e-01
-1.176785752177238464e-01 3.779329061508178711e-01
-1.847761720418930054e-01 3.280113041400909424e-01
-2.984175458550453186e-02 2.905554771423339844e-01
2.724315039813518524e-02 2.887140810489654541e-01
8.427604287862777710e-02 2.903887033462524414e-01
2.495356053113937378e-01 3.138604164123535156e-01
1.015439182519912720e-01 3.289639353752136230e-01
4.021017625927925110e-02 3.314768970012664795e-01
-2.161889523267745972e-02 3.327403664588928223e-01
