-7.392894029617309570e-01 -3.555399775505065918e-01 2.265917360782623291e-01 1.000000000000000000e+00
-7.178692221641540527e-01 -1.629876494407653809e-01 2.538053393363952637e-01 1.000000000000000000e+00
-6.922910809516906738e-01 5.403319746255874634e-02 2.692568302154541016e-01 1.000000000000000000e+00
-6.603535413742065430e-01 2.423713654279708862e-01 2.131388485431671143e-01 1.000000000000000000e+00
-5.793142318725585938e-01 4.119326174259185791e-01 8.845170587301254272e-02 1.000000000000000000e+00
-4.663297832012176514e-01 5.550430417060852051e-01 -9.553184360265731812e-02 1.000000000000000000e+00
-3.128101825714111328e-01 6.654859781265258789e-01 -2.184579670429229736e-01 1.000000000000000000e+00
-1.327593475580215454e-01 7.298516035079956055e-01 -3.500218391418457031e-01 1.000000000000000000e+00
5.739244073629379272e-02 7.616174221038818359e-01 -3.607082366943359375e-01 1.000000000000000000e+00
2.170275449752807617e-01 7.141191363334655762e-01 -3.372679650783538818e-01 1.000000000000000000e+00
3.825748562812805176e-01 6.417607665061950684e-01 -1.997696459293365479e-01 1.000000000000000000e+00
5.132477879524230957e-01 5.192794799804687500e-01 -7.293625921010971069e-02 1.000000000000000000e+00
6.051687598228454590e-01 3.712526857852935791e-01 1.121806874871253967e-01 1.000000000000000000e+00
6.639959216117858887e-01 1.967410594224929810e-01 2.382874190807342529e-01 0.000000000000000000e+00
6.819211840629577637e-01 1.145770773291587830e-02 2.880507409572601318e-01 1.000000000000000000e+00
6.984724402427673340e-01 -2.057348191738128662e-01 2.610988020896911621e-01 1.000000000000000000e+00
7.163859009742736816e-01 -3.995130062103271484e-01 2.359049022197723389e-01 1.000000000000000000e+00
-6.084756255149841309e-01 -4.428287744522094727e-01 -2.235389649868011475e-01 1.000000000000000000e+00
-5.164036154747009277e-01 -6.116126775741577148e-01 -3.739009499549865723e-01 1.000000000000000000e+00
-3.736625313758850098e-01 -6.443485021591186523e-01 -5.045828223228454590e-01 1.000000000000000000e+00
-2.221466302871704102e-01 -6.253082156181335449e-01 -5.682891607284545898e-01 1.000000000000000000e+00
-9.366042166948318481e-02 -5.786141753196716309e-01 -5.811426639556884766e-01 1.000000000000000000e+00
9.860841184854507446e-02 -5.838197469711303711e-01 -5.811079740524291992e-01 1.000000000000000000e+00
2.238219231367111206e-01 -6.374818086624145508e-01 -5.704311728477478027e-01 1.000000000000000000e+00
3.716091513633728027e-01 -6.657025218009948730e-01 -5.025997161865234375e-01 1.000000000000000000e+00
5.099897384643554688e-01 -6.431424617767333984e-01 -3.642764091491699219e-01 1.000000000000000000e+00
6.033551096916198730e-01 -4.807973206043243408e-01 -2.121437788009643555e-01 1.000000000000000000e+00
8.236797526478767395e-03 -4.152214229106903076e-01 -5.851202607154846191e-01 1.000000000000000000e+00
1.413743663579225540e-02 -2.853863537311553955e-01 -6.617852449417114258e-01 1.000000000000000000e+00
1.737861894071102142e-02 -1.895146369934082031e-01 -7.322955131530761719e-01 1.000000000000000000e+00
2.187335491180419922e-02 -8.950968086719512939e-02 -7.853368520736694336e-01 1.000000000000000000e+00
-1.026005968451499939e-01 3.837535902857780457e-02 -5.977911949157714844e-01 1.000000000000000000e+00
-4.079678654670715332e-02 5.043370649218559265e-02 -6.236209273338317871e-01 1.000000000000000000e+00
1.913633197546005249e-02 6.518267095088958740e-02 -6.427220702171325684e-01 1.000000000000000000e+00
7.789735496044158936e-02 4.805671051144599915e-02 -6.241163015365600586e-01 1.000000000000000000e+00
1.367634236812591553e-01 3.328214585781097412e-02 -5.971410870552062988e-01 1.000000000000000000e+00
-4.488697946071624756e-01 -3.676345348358154297e-01 -4.023127555847167969e-01 1.000000000000000000e+00
-3.614962100982666016e-01 -4.251104593276977539e-01 -5.012008547782897949e-01 1.000000000000000000e+00
-2.640058994293212891e-01 -4.223425984382629395e-01 -5.079668164253234863e-01 1.000000000000000000e+00
-1.763442754745483398e-01 -3.681245446205139160e-01 -4.714744687080383301e-01 1.000000000000000000e+00
-2.575336396694183350e-01 -3.370863497257232666e-01 -4.843893051147460938e-01 1.000000000000000000e+00
-3.498031795024871826e-01 -3.299209475517272949e-01 -4.745430648326873779e-01 1.000000000000000000e+00
1.852007508277893066e-01 -3.783330917358398438e-01 -4.765217900276184082e-01 1.000000000000000000e+00
2.711074352264404297e-01 -4.361596405506134033e-01 -5.104982256889343262e-01 1.000000000000000000e+00
3.679808378219604492e-01 -4.453397393226623535e-01 -5.023422837257385254e-01 1.000000000000000000e+00
4.552966952323913574e-01 -3.928513526916503906e-01 -3.991554677486419678e-01 1.000000000000000000e+00
3.608416914939880371e-01 -3.493538498878479004e-01 -4.753572046756744385e-01 1.000000000000000000e+00
2.688715457916259766e-01 -3.515981137752532959e-01 -4.875667989253997803e-01 1.000000000000000000e+00
-1.906972080469131470e-01 3.281916677951812744e-01 -5.024233460426330566e-01 1.000000000000000000e+00
-1.243272125720977783e-01 2.609454095363616943e-01 -6.058936715126037598e-01 1.000000000000000000e+00
-3.134335204958915710e-02 2.269941121339797974e-01 -6.583395004272460938e-01 1.000000000000000000e+00
2.581745013594627380e-02 2.296747565269470215e-01 -6.659187078475952148e-01 1.000000000000000000e+00
8.336548507213592529e-02 2.245320081710815430e-01 -6.579055786132812500e-01 1.000000000000000000e+00
1.770435869693756104e-01 2.542466819286346436e-01 -6.010177731513977051e-01 1.000000000000000000e+00
2.520374357700347900e-01 3.145060837268829346e-01 -4.963582456111907959e-01 1.000000000000000000e+00
1.932338774204254150e-01 3.673545122146606445e-01 -5.519484281539916992e-01 1.000000000000000000e+00
1.065238714218139648e-01 3.938341140747070312e-01 -6.068027019500732422e-01 1.000000000000000000e+00
4.321929067373275757e-02 4.028427004814147949e-01 -6.135020256042480469e-01 1.000000000000000000e+00
-2.303102798759937286e-02 3.972542881965637207e-01 -6.074600219726562500e-01 1.000000000000000000e+00
-1.176785752177238464e-01 3.779329061508178711e-01 -5.601060986518859863e-01 1.000000000000000000e+00
-1.847761720418930054e-01 3.280113041400909424e-01 -4.990566074848175049e-01 1.000000000000000000e+00
-2.984175458550453186e-02 2.905554771423339844e-01 -6.052211523056030273e-01 1.000000000000000000e+00
2.724315039813518524e-02 2.887140810489654541e-01 -6.127750873565673828e-01 1.000000000000000000e+00
8.427604287862777710e-02 2.903887033462524414e-01 -6.020433306694030762e-01 1.000000000000000000e+00
2.495356053113937378e-01 3.138604164123535156e-01 -4.964155256748199463e-01 1.000000000000000000e+00
1.015439182519912720e-01 3.289639353752136230e-01 -5.889937877655029297e-01 1.000000000000000000e+00
4.021017625927925110e-02 3.314768970012664795e-01 -5.934696197509765625e-01 1.000000000000000000e+00
-2.161889523267745972e-02 3.327403664588928223e-01 -5.909738540649414062e-01 1.000000000000000000e+00
