-7.299260497093200684e-01 -3.548943400382995605e-01
-7.071713805198669434e-01 -1.613317728042602539e-01
-6.903374195098876953e-01 2.450506575405597687e-02
-6.562855839729309082e-01 2.042779922485351562e-01
-5.806221961975097656e-01 3.700190186500549316e-01
-4.828206598758697510e-01 5.233041048049926758e-01
-3.298612833023071289e-01 6.483557224273681641e-01
-1.357920467853546143e-01 7.255261540412902832e-01
4.505603015422821045e-02 7.513795495033264160e-01
2.194052487611770630e-01 7.098011374473571777e-01
4.034997522830963135e-01 6.206512451171875000e-01
5.296064615249633789e-01 4.823303520679473877e-01
6.104527711868286133e-01 3.261445462703704834e-01
6.653059720993041992e-01 1.587435603141784668e-01
6.849190592765808105e-01 -1.871294528245925903e-02
6.934796571731567383e-01 -2.021443992853164673e-01
7.086191177368164062e-01 -3.943777382373809814e-01
-6.085814237594604492e-01 -4.436725378036499023e-01
-5.166791677474975586e-01 -6.133770942687988281e-01
-3.739819526672363281e-01 -6.465925574302673340e-01
-2.223480939865112305e-01 -6.269928216934204102e-01
-9.377592056989669800e-02 -5.800292491912841797e-01
9.871292114257812500e-02 -5.852054953575134277e-01
2.238996475934982300e-01 -6.392706036567687988e-01
3.719215989112854004e-01 -6.679056286811828613e-01
5.101821422576904297e-01 -6.449338197708129883e-01
6.033471226692199707e-01 -4.817079007625579834e-01
8.303497917950153351e-03 -4.159809350967407227e-01
1.415559183806180954e-02 -2.857035398483276367e-01
1.740963943302631378e-02 -1.897821128368377686e-01
2.180142328143119812e-02 -8.972691744565963745e-02
-1.015009284019470215e-01 3.937205672264099121e-02
-4.036143794655799866e-02 5.144567042589187622e-02
1.901596039533615112e-02 6.639678776264190674e-02
7.734593749046325684e-02 4.931894317269325256e-02
1.354868263006210327e-01 3.466139361262321472e-02
-4.485402107238769531e-01 -3.666368424892425537e-01
-3.609215021133422852e-01 -4.220074415206909180e-01
-2.640238404273986816e-01 -4.197819530963897705e-01
-1.762194186449050903e-01 -3.679150342941284180e-01
-2.576415538787841797e-01 -3.370732963085174561e-01
-3.498742878437042236e-01 -3.296542167663574219e-01
1.850947588682174683e-01 -3.779923021793365479e-01
2.712965905666351318e-01 -4.336323738098144531e-01
3.676427900791168213e-01 -4.422870278358459473e-01
4.550180435180664062e-01 -3.918897807598114014e-01
3.608795106410980225e-01 -3.490765094757080078e-01
2.689677476882934570e-01 -3.515045344829559326e-01
-1.899570673704147339e-01 3.314108252525329590e-01
-1.234692111611366272e-01 2.643259167671203613e-01
-3.119277767837047577e-02 2.300631552934646606e-01
2.572607435286045074e-02 2.327460050582885742e-01
8.310862630605697632e-02 2.277552932500839233e-01
1.761573702096939087e-01 2.580174207687377930e-01
2.510056495666503906e-01 3.178976774215698242e-01
1.927934736013412476e-01 3.717880249023437500e-01
1.061244681477546692e-01 3.995299339294433594e-01
4.284232482314109802e-02 4.085650742053985596e-01
-2.338527143001556396e-02 4.028110206127166748e-01
-1.177685707807540894e-01 3.820999860763549805e-01
-1.839952766895294189e-01 3.314085602760314941e-01
-2.968587540090084076e-02 2.940927445888519287e-01
2.725016884505748749e-02 2.924104332923889160e-01
8.388974517583847046e-02 2.941871285438537598e-01
2.484946250915527344e-01 3.173068463802337646e-01
1.011923700571060181e-01 3.346806466579437256e-01
3.993277996778488159e-02 3.374326229095458984e-01
-2.177409082651138306e-02 3.383928835391998291e-01
