-7.393489480018615723e-01 -3.555863201618194580e-01 2.267188727855682373e-01 1.000000000000000000e+00
-7.179298996925354004e-01 -1.630246788263320923e-01 2.539218962192535400e-01 1.000000000000000000e+00
-6.924038529396057129e-01 5.400701612234115601e-02 2.694010734558105469e-01 1.000000000000000000e+00
-6.605424880981445312e-01 2.423297762870788574e-01 2.133864909410476685e-01 1.000000000000000000e+00
-5.793731212615966797e-01 4.116774201393127441e-01 8.854978531599044800e-02 1.000000000000000000e+00
-4.667273163795471191e-01 5.546727180480957031e-01 -9.553017467260360718e-02 1.000000000000000000e+00
-3.134136795997619629e-01 6.647493243217468262e-01 -2.185881882905960083e-01 1.000000000000000000e+00
-1.334009915590286255e-01 7.294086813926696777e-01 -3.500691950321197510e-01 1.000000000000000000e+00
5.684810504317283630e-02 7.615414857864379883e-01 -3.606994152069091797e-01 1.000000000000000000e+00
2.166463434696197510e-01 7.137911319732666016e-01 -3.374809920787811279e-01 1.000000000000000000e+00
3.825010359287261963e-01 6.414875984191894531e-01 -2.000983506441116333e-01 1.000000000000000000e+00
5.132291913032531738e-01 5.191887617111206055e-01 -7.313900440931320190e-02 1.000000000000000000e+00
6.051251292228698730e-01 3.712014853954315186e-01 1.121584028005599976e-01 1.000000000000000000e+00
6.640734076499938965e-01 1.968549191951751709e-01 2.384293824434280396e-01 0.000000000000000000e+00
6.819042563438415527e-01 1.152678392827510834e-02 2.881467640399932861e-01 1.000000000000000000e+00
6.984663009643554688e-01 -2.056938111782073975e-01 2.611869871616363525e-01 1.000000000000000000e+00
7.163696885108947754e-01 -3.994919061660766602e-01 2.360091209411621094e-01 1.000000000000000000e+00
-6.085814237594604492e-01 -4.436725378036499023e-01 -2.230430543422698975e-01 1.000000000000000000e+00
-5.166791677474975586e-01 -6.133770942687988281e-01 -3.733841180801391602e-01 1.000000000000000000e+00
-3.739819526672363281e-01 -6.465925574302673340e-01 -5.040824413299560547e-01 1.000000000000000000e+00
-2.223480939865112305e-01 -6.269928216934204102e-01 -5.678617954254150391e-01 1.000000000000000000e+00
-9.377592056989669800e-02 -5.800292491912841797e-01 -5.808544754981994629e-01 1.000000000000000000e+00
9.871292114257812500e-02 -5.852054953575134277e-01 -5.807964205741882324e-01 1.000000000000000000e+00
2.238996475934982300e-01 -6.392706036567687988e-01 -5.697934031486511230e-01 1.000000000000000000e+00
3.719215989112854004e-01 -6.679056286811828613e-01 -5.021035671234130859e-01 1.000000000000000000e+00
5.101821422576904297e-01 -6.449338197708129883e-01 -3.637757301330566406e-01 1.000000000000000000e+00
6.033471226692199707e-01 -4.817079007625579834e-01 -2.118775993585586548e-01 1.000000000000000000e+00
8.303497917950153351e-03 -4.159809350967407227e-01 -5.848829746246337891e-01 1.000000000000000000e+00
1.415559183806180954e-02 -2.857035398483276367e-01 -6.617636084556579590e-01 1.000000000000000000e+00
1.740963943302631378e-02 -1.897821128368377686e-01 -7.323790192604064941e-01 1.000000000000000000e+00
2.180142328143119812e-02 -8.972691744565963745e-02 -7.855269312858581543e-01 1.000000000000000000e+00
-1.015009284019470215e-01 3.937205672264099121e-02 -5.980560779571533203e-01 1.000000000000000000e+00
-4.036143794655799866e-02 5.144567042589187622e-02 -6.240536570549011230e-01 1.000000000000000000e+00
1.901596039533615112e-02 6.639678776264190674e-02 -6.433902382850646973e-01 1.000000000000000000e+00
7.734593749046325684e-02 4.931894317269325256e-02 -6.248401403427124023e-01 1.000000000000000000e+00
1.354868263006210327e-01 3.466139361262321472e-02 -5.977974534034729004e-01 1.000000000000000000e+00
-4.485402107238769531e-01 -3.666368424892425537e-01 -4.019861817359924316e-01 1.000000000000000000e+00
-3.609215021133422852e-01 -4.220074415206909180e-01 -5.006409883499145508e-01 1.000000000000000000e+00
-2.640238404273986816e-01 -4.197819530963897705e-01 -5.071604847908020020e-01 1.000000000000000000e+00
-1.762194186449050903e-01 -3.679150342941284180e-01 -4.711401164531707764e-01 1.000000000000000000e+00
-2.576415538787841797e-01 -3.370732963085174561e-01 -4.843249022960662842e-01 1.000000000000000000e+00
-3.498742878437042236e-01 -3.296542167663574219e-01 -4.744178056716918945e-01 1.000000000000000000e+00
1.850947588682174683e-01 -3.779923021793365479e-01 -4.762920141220092773e-01 1.000000000000000000e+00
2.712965905666351318e-01 -4.336323738098144531e-01 -5.098355412483215332e-01 1.000000000000000000e+00
3.676427900791168213e-01 -4.422870278358459473e-01 -5.018621087074279785e-01 1.000000000000000000e+00
4.550180435180664062e-01 -3.918897807598114014e-01 -3.990432024002075195e-01 1.000000000000000000e+00
3.608795106410980225e-01 -3.490765094757080078e-01 -4.753440022468566895e-01 1.000000000000000000e+00
2.689677476882934570e-01 -3.515045344829559326e-01 -4.875384271144866943e-01 1.000000000000000000e+00
-1.899570673704147339e-01 3.314108252525329590e-01 -5.029039382934570312e-01 1.000000000000000000e+00
-1.234692111611366272e-01 2.643259167671203613e-01 -6.068187952041625977e-01 1.000000000000000000e+00
-3.119277767837047577e-02 2.300631552934646606e-01 -6.595013737678527832e-01 1.000000000000000000e+00
2.572607435286045074e-02 2.327460050582885742e-01 -6.673472523689270020e-01 1.000000000000000000e+00
8.310862630605697632e-02 2.277552932500839233e-01 -6.593966484069824219e-01 1.000000000000000000e+00
1.761573702096939087e-01 2.580174207687377930e-01 -6.022999882698059082e-01 1.000000000000000000e+00
2.510056495666503906e-01 3.178976774215698242e-01 -4.972957968711853027e-01 1.000000000000000000e+00
1.927934736013412476e-01 3.717880249023437500e-01 -5.517879724502563477e-01 1.000000000000000000e+00
1.061244681477546692e-01 3.995299339294433594e-01 -6.055351495742797852e-01 1.000000000000000000e+00
4.284232482314109802e-02 4.085650742053985596e-01 -6.119060516357421875e-01 1.000000000000000000e+00
-2.338527143001556396e-02 4.028110206127166748e-01 -6.060020923614501953e-01 1.000000000000000000e+00
-1.177685707807540894e-01 3.820999860763549805e-01 -5.596653223037719727e-01 1.000000000000000000e+00
-1.839952766895294189e-01 3.314085602760314941e-01 -4.994936883449554443e-01 1.000000000000000000e+00
-2.968587540090084076e-02 2.940927445888519287e-01 -6.056140661239624023e-01 1.000000000000000000e+00
2.725016884505748749e-02 2.924104332923889160e-01 -6.135190129280090332e-01 1.000000000000000000e+00
8.388974517583847046e-02 2.941871285438537598e-01 -6.024779677391052246e-01 1.000000000000000000e+00
2.484946250915527344e-01 3.173068463802337646e-01 -4.973711371421813965e-01 1.000000000000000000e+00
1.011923700571060181e-01 3.346806466579437256e-01 -5.878095626831054688e-01 1.000000000000000000e+00
3.993277996778488159e-02 3.374326229095458984e-01 -5.922008156776428223e-01 1.000000000000000000e+00
-2.177409082651138306e-02 3.383928835391998291e-01 -5.897261500358581543e-01 1.000000000000000000e+00
