-7.119495868682861328e-01 -4.200000464916229248e-01 2.594382762908935547e-01 1.000000000000000000e+00
-6.796412467956542969e-01 -2.285391092300415039e-01 2.938995361328125000e-01 1.000000000000000000e+00
-6.342847943305969238e-01 -1.475789397954940796e-02 3.205833435058593750e-01 0.000000000000000000e+00
-5.799708962440490723e-01 1.766562908887863159e-01 2.670026421546936035e-01 0.000000000000000000e+00
-5.247099399566650391e-01 3.611932694911956787e-01 1.458240598440170288e-01 0.000000000000000000e+00
-4.448347687721252441e-01 5.158333778381347656e-01 -3.711182996630668640e-02 1.000000000000000000e+00
-3.217023909091949463e-01 6.338878870010375977e-01 -1.719807237386703491e-01 1.000000000000000000e+00
-1.775421351194381714e-01 7.180458903312683105e-01 -3.301961123943328857e-01 1.000000000000000000e+00
4.308645613491535187e-03 7.458584904670715332e-01 -3.678892552852630615e-01 1.000000000000000000e+00
1.612530797719955444e-01 6.981530189514160156e-01 -3.786312937736511230e-01 1.000000000000000000e+00
3.302786648273468018e-01 6.010313630104064941e-01 -2.686028182506561279e-01 1.000000000000000000e+00
4.679929316043853760e-01 4.704797863960266113e-01 -1.769347041845321655e-01 1.000000000000000000e+00
5.759041905403137207e-01 3.065355122089385986e-01 -2.537600509822368622e-02 1.000000000000000000e+00
6.443094611167907715e-01 1.163420975208282471e-01 7.344927638769149780e-02 1.000000000000000000e+00
6.960971951484680176e-01 -7.318004965782165527e-02 1.041855514049530029e-01 1.000000000000000000e+00
7.118595242500305176e-01 -2.892976999282836914e-01 6.014074757695198059e-02 1.000000000000000000e+00
7.319396138191223145e-01 -4.827226400375366211e-01 2.192878723144531250e-02 1.000000000000000000e+00
-6.736305952072143555e-01 -4.795360267162322998e-01 -2.222370803356170654e-01 1.000000000000000000e+00
-6.210913062095642090e-01 -6.474170088768005371e-01 -4.036849439144134521e-01 1.000000000000000000e+00
-5.011763572692871094e-01 -6.765993833541870117e-01 -5.618484020233154297e-01 1.000000000000000000e+00
-3.576153516769409180e-01 -6.538750529289245605e-01 -6.527904868125915527e-01 1.000000000000000000e+00
-2.287664413452148438e-01 -6.044809222221374512e-01 -6.903411746025085449e-01 1.000000000000000000e+00
-2.646754309535026550e-02 -6.119949817657470703e-01 -7.234429717063903809e-01 1.000000000000000000e+00
1.034661307930946350e-01 -6.709204912185668945e-01 -7.301800251007080078e-01 1.000000000000000000e+00
2.663588523864746094e-01 -7.075445055961608887e-01 -6.855018138885498047e-01 1.000000000000000000e+00
4.297786056995391846e-01 -6.935419440269470215e-01 -5.675750970840454102e-01 1.000000000000000000e+00
5.439530611038208008e-01 -5.344886183738708496e-01 -4.130187034606933594e-01 1.000000000000000000e+00
-1.218722984194755554e-01 -4.384629428386688232e-01 -7.168243527412414551e-01 1.000000000000000000e+00
-1.269257366657257080e-01 -2.980776727199554443e-01 -7.892668843269348145e-01 1.000000000000000000e+00
-1.340057104825973511e-01 -1.886496394872665405e-01 -8.546648025512695312e-01 1.000000000000000000e+00
-1.368125528097152710e-01 -7.652363926172256470e-02 -9.041949510574340820e-01 1.000000000000000000e+00
-2.211219817399978638e-01 4.663268476724624634e-02 -6.724986433982849121e-01 1.000000000000000000e+00
-1.663441807031631470e-01 6.139652431011199951e-02 -7.096704244613647461e-01 1.000000000000000000e+00
-1.077242419123649597e-01 7.768197357654571533e-02 -7.379033565521240234e-01 1.000000000000000000e+00
-4.501638934016227722e-02 5.744778737425804138e-02 -7.292639017105102539e-01 1.000000000000000000e+00
1.686592586338520050e-02 3.767506033182144165e-02 -7.106744647026062012e-01 1.000000000000000000e+00
-5.534584522247314453e-01 -3.933273255825042725e-01 -4.190566539764404297e-01 1.000000000000000000e+00
-4.815883636474609375e-01 -4.506509602069854736e-01 -5.343158245086669922e-01 1.000000000000000000e+00
-3.849717080593109131e-01 -4.482357203960418701e-01 -5.582185387611389160e-01 1.000000000000000000e+00
-2.917665839195251465e-01 -3.908158838748931885e-01 -5.381307601928710938e-01 1.000000000000000000e+00
-3.733715116977691650e-01 -3.559965789318084717e-01 -5.328559279441833496e-01 1.000000000000000000e+00
-4.657942354679107666e-01 -3.477524816989898682e-01 -5.065397024154663086e-01 1.000000000000000000e+00
8.939726650714874268e-02 -4.056848585605621338e-01 -6.024476885795593262e-01 1.000000000000000000e+00
1.691043674945831299e-01 -4.684841334819793701e-01 -6.498942375183105469e-01 1.000000000000000000e+00
2.679272890090942383e-01 -4.802676737308502197e-01 -6.574288010597229004e-01 1.000000000000000000e+00
3.760036528110504150e-01 -4.313834905624389648e-01 -5.690526366233825684e-01 1.000000000000000000e+00
2.687511146068572998e-01 -3.777117431163787842e-01 -6.269377470016479492e-01 1.000000000000000000e+00
1.723854839801788330e-01 -3.779791891574859619e-01 -6.237916946411132812e-01 1.000000000000000000e+00
-2.813763618469238281e-01 3.286751508712768555e-01 -5.159959197044372559e-01 1.000000000000000000e+00
-2.350327521562576294e-01 2.693114876747131348e-01 -6.390684247016906738e-01 1.000000000000000000e+00
-1.535766720771789551e-01 2.390991002321243286e-01 -7.109429836273193359e-01 1.000000000000000000e+00
-9.830701351165771484e-02 2.419152557849884033e-01 -7.274847030639648438e-01 1.000000000000000000e+00
-4.016375169157981873e-02 2.348920851945877075e-01 -7.290155887603759766e-01 1.000000000000000000e+00
6.235696375370025635e-02 2.571843862533569336e-01 -6.839341521263122559e-01 1.000000000000000000e+00
1.574272215366363525e-01 3.052346110343933105e-01 -5.823748707771301270e-01 1.000000000000000000e+00
9.510751068592071533e-02 3.646375536918640137e-01 -6.271355748176574707e-01 1.000000000000000000e+00
-7.985585834830999374e-04 3.969340324401855469e-01 -6.648573875427246094e-01 1.000000000000000000e+00
-6.575892120599746704e-02 4.082382321357727051e-01 -6.596638560295104980e-01 1.000000000000000000e+00
-1.317660957574844360e-01 4.037740826606750488e-01 -6.442031264305114746e-01 1.000000000000000000e+00
-2.191950231790542603e-01 3.823078870773315430e-01 -5.822638273239135742e-01 1.000000000000000000e+00
-2.753409743309020996e-01 3.282592296600341797e-01 -5.130972266197204590e-01 1.000000000000000000e+00
-1.408890634775161743e-01 2.979525923728942871e-01 -6.491412520408630371e-01 1.000000000000000000e+00
-8.612471073865890503e-02 2.964898645877838135e-01 -6.668332815170288086e-01 1.000000000000000000e+00
-2.809650450944900513e-02 2.942645251750946045e-01 -6.651073098182678223e-01 1.000000000000000000e+00
1.549855619668960571e-01 3.045942187309265137e-01 -5.820304155349731445e-01 1.000000000000000000e+00
-5.200674291700124741e-03 3.272565007209777832e-01 -6.507194638252258301e-01 1.000000000000000000e+00
-6.808630377054214478e-02 3.313519954681396484e-01 -6.444021463394165039e-01 1.000000000000000000e+00
-1.295112073421478271e-01 3.340370059013366699e-01 -6.315801143646240234e-01 1.000000000000000000e+00
