-7.298250198364257812e-01 -3.548013269901275635e-01
-7.073940038681030273e-01 -1.610775291919708252e-01
-6.908512711524963379e-01 2.454687468707561493e-02
-6.567741036415100098e-01 2.044488489627838135e-01
-5.809198021888732910e-01 3.704722821712493896e-01
-4.831390380859375000e-01 5.245242118835449219e-01
-3.309379816055297852e-01 6.514007449150085449e-01
-1.376851797103881836e-01 7.301899790763854980e-01
4.312616214156150818e-02 7.565449476242065430e-01
2.178440093994140625e-01 7.143648266792297363e-01
4.023077189922332764e-01 6.234366297721862793e-01
5.284601449966430664e-01 4.834645688533782959e-01
6.098672747611999512e-01 3.265978693962097168e-01
6.653267145156860352e-01 1.589545607566833496e-01
6.850091218948364258e-01 -1.847491227090358734e-02
6.932662725448608398e-01 -2.017669528722763062e-01
7.084648609161376953e-01 -3.943196833133697510e-01
-6.085216403007507324e-01 -4.432001411914825439e-01
-5.166839361190795898e-01 -6.127293705940246582e-01
-3.740960955619812012e-01 -6.457809805870056152e-01
-2.226332426071166992e-01 -6.267780065536499023e-01
-9.394919872283935547e-02 -5.797725319862365723e-01
9.882823377847671509e-02 -5.849150419235229492e-01
2.242711782455444336e-01 -6.388347744941711426e-01
3.721501827239990234e-01 -6.672904491424560547e-01
5.103452801704406738e-01 -6.444377303123474121e-01
6.032242178916931152e-01 -4.811868965625762939e-01
8.280288428068161011e-03 -4.154735803604125977e-01
1.409460417926311493e-02 -2.851555049419403076e-01
1.732849888503551483e-02 -1.888109445571899414e-01
2.179484628140926361e-02 -8.837720006704330444e-02
-1.019695550203323364e-01 4.066047072410583496e-02
-4.055388644337654114e-02 5.240810289978981018e-02
1.902596466243267059e-02 6.708120554685592651e-02
7.743891328573226929e-02 5.018651857972145081e-02
1.358456909656524658e-01 3.583493456244468689e-02
-4.490526914596557617e-01 -3.679840266704559326e-01
-3.617547750473022461e-01 -4.269616603851318359e-01
-2.638788521289825439e-01 -4.239775538444519043e-01
-1.762486249208450317e-01 -3.683796823024749756e-01
-2.574449777603149414e-01 -3.369753062725067139e-01
-3.496853709220886230e-01 -3.297984600067138672e-01
1.851986348628997803e-01 -3.786286413669586182e-01
2.710512876510620117e-01 -4.376166462898254395e-01
3.682083785533905029e-01 -4.470295011997222900e-01
4.554842412471771240e-01 -3.931713998317718506e-01
3.608928024768829346e-01 -3.493378162384033203e-01
2.689836025238037109e-01 -3.515699207782745361e-01
-1.908696591854095459e-01 3.325938582420349121e-01
-1.237640306353569031e-01 2.647988200187683105e-01
-3.131896629929542542e-02 2.303451895713806152e-01
2.555794641375541687e-02 2.327267825603485107e-01
8.276946842670440674e-02 2.280534356832504272e-01
1.753686964511871338e-01 2.585678994655609131e-01
2.488145232200622559e-01 3.192560076713562012e-01
1.898567378520965576e-01 3.739081323146820068e-01
1.032892465591430664e-01 4.018204510211944580e-01
4.011715203523635864e-02 4.110774397850036621e-01
-2.588689699769020081e-02 4.052190780639648438e-01
-1.196152493357658386e-01 3.843436539173126221e-01
-1.850473284721374512e-01 3.326298296451568604e-01
-2.973222546279430389e-02 2.944208085536956787e-01
2.687374129891395569e-02 2.925029397010803223e-01
8.329095691442489624e-02 2.945406138896942139e-01
2.463305443525314331e-01 3.186233341693878174e-01
9.812508523464202881e-02 3.369430303573608398e-01
3.705162554979324341e-02 3.398655652999877930e-01
-2.413978800177574158e-02 3.406885564327239990e-01
