-7.393502593040466309e-01 -3.555492758750915527e-01 2.262475043535232544e-01 1.000000000000000000e+00
-7.179187536239624023e-01 -1.630165278911590576e-01 2.535734772682189941e-01 1.000000000000000000e+00
-6.923989653587341309e-01 5.402340739965438843e-02 2.692452967166900635e-01 1.000000000000000000e+00
-6.607822775840759277e-01 2.424433082342147827e-01 2.135060131549835205e-01 1.000000000000000000e+00
-5.798421502113342285e-01 4.123060107231140137e-01 8.926463127136230469e-02 1.000000000000000000e+00
-4.672482609748840332e-01 5.561905503273010254e-01 -9.403388202190399170e-02 1.000000000000000000e+00
-3.146104514598846436e-01 6.680114865303039551e-01 -2.161287665367126465e-01 1.000000000000000000e+00
-1.353033930063247681e-01 7.341246008872985840e-01 -3.465435206890106201e-01 1.000000000000000000e+00
5.509789288043975830e-02 7.667096257209777832e-01 -3.573675155639648438e-01 1.000000000000000000e+00
2.152003794908523560e-01 7.184122204780578613e-01 -3.348502814769744873e-01 1.000000000000000000e+00
3.814434409141540527e-01 6.445503830909729004e-01 -1.989537626504898071e-01 1.000000000000000000e+00
5.123378038406372070e-01 5.205753445625305176e-01 -7.294432818889617920e-02 1.000000000000000000e+00
6.050333380699157715e-01 3.717642426490783691e-01 1.118741258978843689e-01 1.000000000000000000e+00
6.640834212303161621e-01 1.968357712030410767e-01 2.377820760011672974e-01 0.000000000000000000e+00
6.818634271621704102e-01 1.144581381231546402e-02 2.873892784118652344e-01 1.000000000000000000e+00
6.984325051307678223e-01 -2.057659327983856201e-01 2.604325115680694580e-01 1.000000000000000000e+00
7.163475751876831055e-01 -3.995268940925598145e-01 2.352353334426879883e-01 1.000000000000000000e+00
-6.085216403007507324e-01 -4.432001411914825439e-01 -2.236269265413284302e-01 1.000000000000000000e+00
-5.166839361190795898e-01 -6.127293705940246582e-01 -3.738778531551361084e-01 1.000000000000000000e+00
-3.740960955619812012e-01 -6.457809805870056152e-01 -5.047868490219116211e-01 1.000000000000000000e+00
-2.226332426071166992e-01 -6.267780065536499023e-01 -5.685839056968688965e-01 1.000000000000000000e+00
-9.394919872283935547e-02 -5.797725319862365723e-01 -5.813876390457153320e-01 1.000000000000000000e+00
9.882823377847671509e-02 -5.849150419235229492e-01 -5.812796950340270996e-01 1.000000000000000000e+00
2.242711782455444336e-01 -6.388347744941711426e-01 -5.706713795661926270e-01 1.000000000000000000e+00
3.721501827239990234e-01 -6.672904491424560547e-01 -5.026205778121948242e-01 1.000000000000000000e+00
5.103452801704406738e-01 -6.444377303123474121e-01 -3.640027344226837158e-01 1.000000000000000000e+00
6.032242178916931152e-01 -4.811868965625762939e-01 -2.123108357191085815e-01 1.000000000000000000e+00
8.280288428068161011e-03 -4.154735803604125977e-01 -5.850955247879028320e-01 1.000000000000000000e+00
1.409460417926311493e-02 -2.851555049419403076e-01 -6.620379686355590820e-01 1.000000000000000000e+00
1.732849888503551483e-02 -1.888109445571899414e-01 -7.325544357299804688e-01 1.000000000000000000e+00
2.179484628140926361e-02 -8.837720006704330444e-02 -7.853204607963562012e-01 1.000000000000000000e+00
-1.019695550203323364e-01 4.066047072410583496e-02 -5.981138348579406738e-01 1.000000000000000000e+00
-4.055388644337654114e-02 5.240810289978981018e-02 -6.237608194351196289e-01 1.000000000000000000e+00
1.902596466243267059e-02 6.708120554685592651e-02 -6.429062485694885254e-01 1.000000000000000000e+00
7.743891328573226929e-02 5.018651857972145081e-02 -6.242931485176086426e-01 1.000000000000000000e+00
1.358456909656524658e-01 3.583493456244468689e-02 -5.975077152252197266e-01 1.000000000000000000e+00
-4.490526914596557617e-01 -3.679840266704559326e-01 -4.021877944469451904e-01 1.000000000000000000e+00
-3.617547750473022461e-01 -4.269616603851318359e-01 -5.013532638549804688e-01 1.000000000000000000e+00
-2.638788521289825439e-01 -4.239775538444519043e-01 -5.082370042800903320e-01 1.000000000000000000e+00
-1.762486249208450317e-01 -3.683796823024749756e-01 -4.715824723243713379e-01 1.000000000000000000e+00
-2.574449777603149414e-01 -3.369753062725067139e-01 -4.843584001064300537e-01 1.000000000000000000e+00
-3.496853709220886230e-01 -3.297984600067138672e-01 -4.744227230548858643e-01 1.000000000000000000e+00
1.851986348628997803e-01 -3.786286413669586182e-01 -4.765242040157318115e-01 1.000000000000000000e+00
2.710512876510620117e-01 -4.376166462898254395e-01 -5.105988979339599609e-01 1.000000000000000000e+00
3.682083785533905029e-01 -4.470295011997222900e-01 -5.024288892745971680e-01 1.000000000000000000e+00
4.554842412471771240e-01 -3.931713998317718506e-01 -3.989826142787933350e-01 1.000000000000000000e+00
3.608928024768829346e-01 -3.493378162384033203e-01 -4.752139449119567871e-01 1.000000000000000000e+00
2.689836025238037109e-01 -3.515699207782745361e-01 -4.875224232673645020e-01 1.000000000000000000e+00
-1.908696591854095459e-01 3.325938582420349121e-01 -5.021311044692993164e-01 1.000000000000000000e+00
-1.237640306353569031e-01 2.647988200187683105e-01 -6.070694327354431152e-01 1.000000000000000000e+00
-3.131896629929542542e-02 2.303451895713806152e-01 -6.597522497177124023e-01 1.000000000000000000e+00
2.555794641375541687e-02 2.327267825603485107e-01 -6.675058007240295410e-01 1.000000000000000000e+00
8.276946842670440674e-02 2.280534356832504272e-01 -6.594771742820739746e-01 1.000000000000000000e+00
1.753686964511871338e-01 2.585678994655609131e-01 -6.026449799537658691e-01 1.000000000000000000e+00
2.488145232200622559e-01 3.192560076713562012e-01 -4.974556863307952881e-01 1.000000000000000000e+00
1.898567378520965576e-01 3.739081323146820068e-01 -5.517604947090148926e-01 1.000000000000000000e+00
1.032892465591430664e-01 4.018204510211944580e-01 -6.052997112274169922e-01 1.000000000000000000e+00
4.011715203523635864e-02 4.110774397850036621e-01 -6.116043329238891602e-01 1.000000000000000000e+00
-2.588689699769020081e-02 4.052190780639648438e-01 -6.055634021759033203e-01 1.000000000000000000e+00
-1.196152493357658386e-01 3.843436539173126221e-01 -5.586279034614562988e-01 1.000000000000000000e+00
-1.850473284721374512e-01 3.326298296451568604e-01 -4.986898005008697510e-01 1.000000000000000000e+00
-2.973222546279430389e-02 2.944208085536956787e-01 -6.064863801002502441e-01 1.000000000000000000e+00
2.687374129891395569e-02 2.925029397010803223e-01 -6.143172979354858398e-01 1.000000000000000000e+00
8.329095691442489624e-02 2.945406138896942139e-01 -6.032438874244689941e-01 1.000000000000000000e+00
2.463305443525314331e-01 3.186233341693878174e-01 -4.974963068962097168e-01 1.000000000000000000e+00
9.812508523464202881e-02 3.369430303573608398e-01 -5.880807042121887207e-01 1.000000000000000000e+00
3.705162554979324341e-02 3.398655652999877930e-01 -5.921228528022766113e-01 1.000000000000000000e+00
-2.413978800177574158e-02 3.406885564327239990e-01 -5.895385742187500000e-01 1.000000000000000000e+00
