-7.299759984016418457e-01 -3.548954129219055176e-01
-7.072425484657287598e-01 -1.613175421953201294e-01
-6.902306675910949707e-01 2.449513040482997894e-02
-6.562702655792236328e-01 2.040275335311889648e-01
-5.806611180305480957e-01 3.698231577873229980e-01
-4.827693104743957520e-01 5.228277444839477539e-01
-3.297130465507507324e-01 6.470001339912414551e-01
-1.364109814167022705e-01 7.232259511947631836e-01
4.405779391527175903e-02 7.480549216270446777e-01
2.183186858892440796e-01 7.068027257919311523e-01
4.024488925933837891e-01 6.182221174240112305e-01
5.289191603660583496e-01 4.807887673377990723e-01
6.099537611007690430e-01 3.250511884689331055e-01
6.648647785186767578e-01 1.578796505928039551e-01
6.844018101692199707e-01 -1.909562386572360992e-02
6.931459307670593262e-01 -2.023333162069320679e-01
7.083889842033386230e-01 -3.946499228477478027e-01
-6.086270809173583984e-01 -4.430132508277893066e-01
-5.164929032325744629e-01 -6.121698021888732910e-01
-3.738639652729034424e-01 -6.449970602989196777e-01
-2.221830636262893677e-01 -6.253642439842224121e-01
-9.371220320463180542e-02 -5.786012411117553711e-01
9.866582602262496948e-02 -5.837821960449218750e-01
2.238620072603225708e-01 -6.377630829811096191e-01
3.718058764934539795e-01 -6.664569377899169922e-01
5.099697113037109375e-01 -6.437081098556518555e-01
6.032680869102478027e-01 -4.809705018997192383e-01
8.291241712868213654e-03 -4.153018891811370850e-01
1.418035849928855896e-02 -2.853081524372100830e-01
1.739879697561264038e-02 -1.894858926534652710e-01
2.180515229701995850e-02 -8.939538151025772095e-02
-1.020692735910415649e-01 3.885458037257194519e-02
-4.067265614867210388e-02 5.098081007599830627e-02
1.896967738866806030e-02 6.591277569532394409e-02
7.751950621604919434e-02 4.877786338329315186e-02
1.359371989965438843e-01 3.409986197948455811e-02
-4.488396048545837402e-01 -3.676108717918395996e-01
-3.614895045757293701e-01 -4.252281785011291504e-01
-2.639331817626953125e-01 -4.224373400211334229e-01
-1.763310581445693970e-01 -3.680758178234100342e-01
-2.574062049388885498e-01 -3.369751572608947754e-01
-3.498246371746063232e-01 -3.297820091247558594e-01
1.852045059204101562e-01 -3.781940042972564697e-01
2.710173726081848145e-01 -4.364465177059173584e-01
3.680058419704437256e-01 -4.457159042358398438e-01
4.552936553955078125e-01 -3.927890956401824951e-01
3.608491420745849609e-01 -3.491236567497253418e-01
2.687215805053710938e-01 -3.513934314250946045e-01
-1.906574070453643799e-01 3.272522091865539551e-01
-1.238887980580329895e-01 2.615109980106353760e-01
-3.149715065956115723e-02 2.276546359062194824e-01
2.553956396877765656e-02 2.303913831710815430e-01
8.289542049169540405e-02 2.253522276878356934e-01
1.754872798919677734e-01 2.551227211952209473e-01
2.488768100738525391e-01 3.136753439903259277e-01
1.898289918899536133e-01 3.658005893230438232e-01
1.033081933856010437e-01 3.930504322052001953e-01
4.024605453014373779e-02 4.021025598049163818e-01
-2.563505806028842926e-02 3.965292870998382568e-01
-1.193675920367240906e-01 3.763223588466644287e-01
-1.848399639129638672e-01 3.271132707595825195e-01
-2.995423600077629089e-02 2.916862666606903076e-01
2.688592672348022461e-02 2.899601459503173828e-01
8.349513262510299683e-02 2.917342185974121094e-01
2.464057803153991699e-01 3.130758106708526611e-01
9.830883890390396118e-02 3.277414441108703613e-01
3.712738305330276489e-02 3.305780589580535889e-01
-2.425803989171981812e-02 3.316184580326080322e-01
