-7.394079566001892090e-01 -3.556487560272216797e-01 2.269577980041503906e-01 1.000000000000000000e+00
-7.179690599441528320e-01 -1.630268692970275879e-01 2.541564106941223145e-01 1.000000000000000000e+00
-6.923772096633911133e-01 5.406387522816658020e-02 2.696344554424285889e-01 1.000000000000000000e+00
-6.603693366050720215e-01 2.424395084381103516e-01 2.133604884147644043e-01 1.000000000000000000e+00
-5.793239474296569824e-01 4.118394255638122559e-01 8.803614974021911621e-02 1.000000000000000000e+00
-4.666262567043304443e-01 5.542655587196350098e-01 -9.700014442205429077e-02 1.000000000000000000e+00
-3.132764399051666260e-01 6.634305715560913086e-01 -2.210746854543685913e-01 1.000000000000000000e+00
-1.339892297983169556e-01 7.272337675094604492e-01 -3.535332083702087402e-01 1.000000000000000000e+00
5.604650080204010010e-02 7.587309479713439941e-01 -3.649164140224456787e-01 1.000000000000000000e+00
2.156521528959274292e-01 7.109483480453491211e-01 -3.419172763824462891e-01 1.000000000000000000e+00
3.815534710884094238e-01 6.390994787216186523e-01 -2.040694952011108398e-01 1.000000000000000000e+00
5.126849412918090820e-01 5.177828669548034668e-01 -7.605342566967010498e-02 1.000000000000000000e+00
6.049792170524597168e-01 3.705305159091949463e-01 1.104991063475608826e-01 1.000000000000000000e+00
6.639468669891357422e-01 1.962967216968536377e-01 2.375494986772537231e-01 0.000000000000000000e+00
6.818506717681884766e-01 1.104288548231124878e-02 2.877103090286254883e-01 1.000000000000000000e+00
6.983443498611450195e-01 -2.060566693544387817e-01 2.609999179840087891e-01 1.000000000000000000e+00
7.162566184997558594e-01 -3.998193740844726562e-01 2.359474599361419678e-01 1.000000000000000000e+00
-6.086270809173583984e-01 -4.430132508277893066e-01 -2.232812643051147461e-01 1.000000000000000000e+00
-5.164929032325744629e-01 -6.121698021888732910e-01 -3.737649023532867432e-01 1.000000000000000000e+00
-3.738639652729034424e-01 -6.449970602989196777e-01 -5.044987201690673828e-01 1.000000000000000000e+00
-2.221830636262893677e-01 -6.253642439842224121e-01 -5.682523250579833984e-01 1.000000000000000000e+00
-9.371220320463180542e-02 -5.786012411117553711e-01 -5.811859965324401855e-01 1.000000000000000000e+00
9.866582602262496948e-02 -5.837821960449218750e-01 -5.811710357666015625e-01 1.000000000000000000e+00
2.238620072603225708e-01 -6.377630829811096191e-01 -5.703547596931457520e-01 1.000000000000000000e+00
3.718058764934539795e-01 -6.664569377899169922e-01 -5.025154948234558105e-01 1.000000000000000000e+00
5.099697113037109375e-01 -6.437081098556518555e-01 -3.643200695514678955e-01 1.000000000000000000e+00
6.032680869102478027e-01 -4.809705018997192383e-01 -2.122743129730224609e-01 1.000000000000000000e+00
8.291241712868213654e-03 -4.153018891811370850e-01 -5.851716399192810059e-01 1.000000000000000000e+00
1.418035849928855896e-02 -2.853081524372100830e-01 -6.618068218231201172e-01 1.000000000000000000e+00
1.739879697561264038e-02 -1.894858926534652710e-01 -7.323666214942932129e-01 1.000000000000000000e+00
2.180515229701995850e-02 -8.939538151025772095e-02 -7.855213284492492676e-01 1.000000000000000000e+00
-1.020692735910415649e-01 3.885458037257194519e-02 -5.979961752891540527e-01 1.000000000000000000e+00
-4.067265614867210388e-02 5.098081007599830627e-02 -6.239683628082275391e-01 1.000000000000000000e+00
1.896967738866806030e-02 6.591277569532394409e-02 -6.433082222938537598e-01 1.000000000000000000e+00
7.751950621604919434e-02 4.877786338329315186e-02 -6.246483325958251953e-01 1.000000000000000000e+00
1.359371989965438843e-01 3.409986197948455811e-02 -5.976414084434509277e-01 1.000000000000000000e+00
-4.488396048545837402e-01 -3.676108717918395996e-01 -4.021826982498168945e-01 1.000000000000000000e+00
-3.614895045757293701e-01 -4.252281785011291504e-01 -5.011552572250366211e-01 1.000000000000000000e+00
-2.639331817626953125e-01 -4.224373400211334229e-01 -5.079410672187805176e-01 1.000000000000000000e+00
-1.763310581445693970e-01 -3.680758178234100342e-01 -4.713594913482666016e-01 1.000000000000000000e+00
-2.574062049388885498e-01 -3.369751572608947754e-01 -4.842354059219360352e-01 1.000000000000000000e+00
-3.498246371746063232e-01 -3.297820091247558594e-01 -4.743862152099609375e-01 1.000000000000000000e+00
1.852045059204101562e-01 -3.781940042972564697e-01 -4.765595793724060059e-01 1.000000000000000000e+00
2.710173726081848145e-01 -4.364465177059173584e-01 -5.107022523880004883e-01 1.000000000000000000e+00
3.680058419704437256e-01 -4.457159042358398438e-01 -5.024830698966979980e-01 1.000000000000000000e+00
4.552936553955078125e-01 -3.927890956401824951e-01 -3.991193771362304688e-01 1.000000000000000000e+00
3.608491420745849609e-01 -3.491236567497253418e-01 -4.752508699893951416e-01 1.000000000000000000e+00
2.687215805053710938e-01 -3.513934314250946045e-01 -4.875168204307556152e-01 1.000000000000000000e+00
-1.906574070453643799e-01 3.272522091865539551e-01 -5.055032968521118164e-01 1.000000000000000000e+00
-1.238887980580329895e-01 2.615109980106353760e-01 -6.079816222190856934e-01 1.000000000000000000e+00
-3.149715065956115723e-02 2.276546359062194824e-01 -6.600112915039062500e-01 1.000000000000000000e+00
2.553956396877765656e-02 2.303913831710815430e-01 -6.677815914154052734e-01 1.000000000000000000e+00
8.289542049169540405e-02 2.253522276878356934e-01 -6.598408818244934082e-01 1.000000000000000000e+00
1.754872798919677734e-01 2.551227211952209473e-01 -6.037024259567260742e-01 1.000000000000000000e+00
2.488768100738525391e-01 3.136753439903259277e-01 -5.008382797241210938e-01 1.000000000000000000e+00
1.898289918899536133e-01 3.658005893230438232e-01 -5.558224916458129883e-01 1.000000000000000000e+00
1.033081933856010437e-01 3.930504322052001953e-01 -6.098108887672424316e-01 1.000000000000000000e+00
4.024605453014373779e-02 4.021025598049163818e-01 -6.160135865211486816e-01 1.000000000000000000e+00
-2.563505806028842926e-02 3.965292870998382568e-01 -6.098895668983459473e-01 1.000000000000000000e+00
-1.193675920367240906e-01 3.763223588466644287e-01 -5.627210140228271484e-01 1.000000000000000000e+00
-1.848399639129638672e-01 3.271132707595825195e-01 -5.021778345108032227e-01 1.000000000000000000e+00
-2.995423600077629089e-02 2.916862666606903076e-01 -6.074449419975280762e-01 1.000000000000000000e+00
2.688592672348022461e-02 2.899601459503173828e-01 -6.150311231613159180e-01 1.000000000000000000e+00
8.349513262510299683e-02 2.917342185974121094e-01 -6.043450832366943359e-01 1.000000000000000000e+00
2.464057803153991699e-01 3.130758106708526611e-01 -5.008641481399536133e-01 1.000000000000000000e+00
9.830883890390396118e-02 3.277414441108703613e-01 -5.924769043922424316e-01 1.000000000000000000e+00
3.712738305330276489e-02 3.305780589580535889e-01 -5.967338085174560547e-01 1.000000000000000000e+00
-2.425803989171981812e-02 3.316184580326080322e-01 -5.939652919769287109e-01 1.000000000000000000e+00
