-7.120490074157714844e-01 -4.200055301189422607e-01 2.622462809085845947e-01 1.000000000000000000e+00
-6.796567440032958984e-01 -2.283281236886978149e-01 2.966943383216857910e-01 1.000000000000000000e+00
-6.339862346649169922e-01 -1.414761971682310104e-02 3.235175907611846924e-01 0.000000000000000000e+00
-5.790323615074157715e-01 1.773929148912429810e-01 2.701039314270019531e-01 0.000000000000000000e+00
-5.226427912712097168e-01 3.611395657062530518e-01 1.486339122056961060e-01 0.000000000000000000e+00
-4.423153996467590332e-01 5.149509906768798828e-01 -3.421089425683021545e-02 1.000000000000000000e+00
-3.188445270061492920e-01 6.311727166175842285e-01 -1.705755293369293213e-01 1.000000000000000000e+00
-1.744886934757232666e-01 7.127002477645874023e-01 -3.303403854370117188e-01 1.000000000000000000e+00
6.373738870024681091e-03 7.389575242996215820e-01 -3.693416118621826172e-01 1.000000000000000000e+00
1.621699482202529907e-01 6.908093094825744629e-01 -3.802714347839355469e-01 1.000000000000000000e+00
3.311904072761535645e-01 5.943813323974609375e-01 -2.694948017597198486e-01 1.000000000000000000e+00
4.685380160808563232e-01 4.652021527290344238e-01 -1.765677034854888916e-01 1.000000000000000000e+00
5.759779214859008789e-01 3.028585016727447510e-01 -2.469385229051113129e-02 1.000000000000000000e+00
6.447847485542297363e-01 1.144625842571258545e-01 7.445563375949859619e-02 1.000000000000000000e+00
6.962419152259826660e-01 -7.447443157434463501e-02 1.054190322756767273e-01 1.000000000000000000e+00
7.117633223533630371e-01 -2.902733385562896729e-01 6.190709397196769714e-02 1.000000000000000000e+00
7.318487763404846191e-01 -4.836189746856689453e-01 2.399661019444465637e-02 1.000000000000000000e+00
-6.732463240623474121e-01 -4.787402749061584473e-01 -2.202585339546203613e-01 1.000000000000000000e+00
-6.201018095016479492e-01 -6.428413987159729004e-01 -4.031596481800079346e-01 1.000000000000000000e+00
-4.988162815570831299e-01 -6.724117398262023926e-01 -5.601493120193481445e-01 1.000000000000000000e+00
-3.550964891910552979e-01 -6.503495573997497559e-01 -6.502683758735656738e-01 1.000000000000000000e+00
-2.270889729261398315e-01 -6.030529141426086426e-01 -6.875820159912109375e-01 1.000000000000000000e+00
-2.682949602603912354e-02 -6.116565465927124023e-01 -7.205602526664733887e-01 1.000000000000000000e+00
1.024002581834793091e-01 -6.691154241561889648e-01 -7.264565229415893555e-01 1.000000000000000000e+00
2.649831473827362061e-01 -7.040651440620422363e-01 -6.832295060157775879e-01 1.000000000000000000e+00
4.286414086818695068e-01 -6.901398301124572754e-01 -5.666286945343017578e-01 1.000000000000000000e+00
5.436422228813171387e-01 -5.350734591484069824e-01 -4.113678634166717529e-01 1.000000000000000000e+00
-1.218842044472694397e-01 -4.405357241630554199e-01 -7.156544327735900879e-01 1.000000000000000000e+00
-1.266766190528869629e-01 -3.010815083980560303e-01 -7.876706719398498535e-01 1.000000000000000000e+00
-1.337895244359970093e-01 -1.925493478775024414e-01 -8.534714579582214355e-01 1.000000000000000000e+00
-1.369516253471374512e-01 -8.122669160366058350e-02 -9.035721421241760254e-01 1.000000000000000000e+00
-2.211387157440185547e-01 4.068402200937271118e-02 -6.711345314979553223e-01 1.000000000000000000e+00
-1.664289236068725586e-01 5.645121261477470398e-02 -7.087542414665222168e-01 1.000000000000000000e+00
-1.080496162176132202e-01 7.307707518339157104e-02 -7.371119260787963867e-01 1.000000000000000000e+00
-4.529199004173278809e-02 5.255734175443649292e-02 -7.288441658020019531e-01 1.000000000000000000e+00
1.678531058132648468e-02 3.189788758754730225e-02 -7.102390527725219727e-01 1.000000000000000000e+00
-5.518154501914978027e-01 -3.880866169929504395e-01 -4.184754192829132080e-01 1.000000000000000000e+00
-4.778558313846588135e-01 -4.314520061016082764e-01 -5.310028195381164551e-01 1.000000000000000000e+00
-3.847579061985015869e-01 -4.316903948783874512e-01 -5.530534386634826660e-01 1.000000000000000000e+00
-2.916581928730010986e-01 -3.885549008846282959e-01 -5.363318920135498047e-01 1.000000000000000000e+00
-3.745738267898559570e-01 -3.560062646865844727e-01 -5.326780676841735840e-01 1.000000000000000000e+00
-4.667151272296905518e-01 -3.468490540981292725e-01 -5.066804289817810059e-01 1.000000000000000000e+00
8.969260007143020630e-02 -4.032421708106994629e-01 -6.007971763610839844e-01 1.000000000000000000e+00
1.715081483125686646e-01 -4.523726105690002441e-01 -6.453229188919067383e-01 1.000000000000000000e+00
2.669967412948608398e-01 -4.612449109554290771e-01 -6.530511379241943359e-01 1.000000000000000000e+00
3.747923076152801514e-01 -4.265207946300506592e-01 -5.682897567749023438e-01 1.000000000000000000e+00
2.690471708774566650e-01 -3.769463598728179932e-01 -6.271523237228393555e-01 1.000000000000000000e+00
1.730848550796508789e-01 -3.779260516166687012e-01 -6.234136819839477539e-01 1.000000000000000000e+00
-2.828913331031799316e-01 3.239177763462066650e-01 -5.121904611587524414e-01 1.000000000000000000e+00
-2.359840869903564453e-01 2.636529207229614258e-01 -6.355340480804443359e-01 1.000000000000000000e+00
-1.538183689117431641e-01 2.342491745948791504e-01 -7.084797620773315430e-01 1.000000000000000000e+00
-9.819491207599639893e-02 2.376300096511840820e-01 -7.253234982490539551e-01 1.000000000000000000e+00
-3.965624421834945679e-02 2.299616932868957520e-01 -7.269286513328552246e-01 1.000000000000000000e+00
6.326361745595932007e-02 2.510854601860046387e-01 -6.812087297439575195e-01 1.000000000000000000e+00
1.580759137868881226e-01 2.979219257831573486e-01 -5.803574919700622559e-01 1.000000000000000000e+00
9.509827196598052979e-02 3.595971763134002686e-01 -6.251701116561889648e-01 1.000000000000000000e+00
-1.606583478860557079e-03 3.932106494903564453e-01 -6.630138158798217773e-01 1.000000000000000000e+00
-6.727765500545501709e-02 4.051819741725921631e-01 -6.567785143852233887e-01 1.000000000000000000e+00
-1.340350955724716187e-01 4.010639786720275879e-01 -6.407324075698852539e-01 1.000000000000000000e+00
-2.217068821191787720e-01 3.795387446880340576e-01 -5.781622529029846191e-01 1.000000000000000000e+00
-2.768910229206085205e-01 3.237200379371643066e-01 -5.091821551322937012e-01 1.000000000000000000e+00
-1.410031467676162720e-01 2.918598651885986328e-01 -6.447439789772033691e-01 1.000000000000000000e+00
-8.555373549461364746e-02 2.906875610351562500e-01 -6.626027822494506836e-01 1.000000000000000000e+00
-2.718389593064785004e-02 2.880334854125976562e-01 -6.613307595252990723e-01 1.000000000000000000e+00
1.556858718395233154e-01 2.973913550376892090e-01 -5.800504088401794434e-01 1.000000000000000000e+00
-6.483415607362985611e-03 3.225021958351135254e-01 -6.463685631752014160e-01 1.000000000000000000e+00
-6.969966739416122437e-02 3.269982635974884033e-01 -6.397056579589843750e-01 1.000000000000000000e+00
-1.320677101612091064e-01 3.303768932819366455e-01 -6.264237165451049805e-01 1.000000000000000000e+00
