-7.083514332771301270e-01 -3.796875476837158203e-01
-7.003858685493469238e-01 -1.819450706243515015e-01
-6.627356410026550293e-01 1.052501611411571503e-03
-6.234896183013916016e-01 1.517691761255264282e-01
-5.666075944900512695e-01 3.135431408882141113e-01
-4.819611608982086182e-01 4.622665345668792725e-01
-3.534700572490692139e-01 5.994086861610412598e-01
-1.829372942447662354e-01 7.070915102958679199e-01
-1.498644798994064331e-02 7.335792779922485352e-01
1.612330228090286255e-01 6.886336803436279297e-01
3.370676338672637939e-01 5.867711305618286133e-01
4.789543449878692627e-01 4.496455788612365723e-01
5.808826088905334473e-01 2.843813896179199219e-01
6.488624811172485352e-01 9.132137149572372437e-02
6.869019269943237305e-01 -9.614834934473037720e-02
7.039100527763366699e-01 -2.929080128669738770e-01
7.177033424377441406e-01 -4.850995540618896484e-01
-6.732463240623474121e-01 -4.787402749061584473e-01
-6.201018095016479492e-01 -6.428413987159729004e-01
-4.988162815570831299e-01 -6.724117398262023926e-01
-3.550964891910552979e-01 -6.503495573997497559e-01
-2.270889729261398315e-01 -6.030529141426086426e-01
-2.682949602603912354e-02 -6.116565465927124023e-01
1.024002581834793091e-01 -6.691154241561889648e-01
2.649831473827362061e-01 -7.040651440620422363e-01
4.286414086818695068e-01 -6.901398301124572754e-01
5.436422228813171387e-01 -5.350734591484069824e-01
-1.218842044472694397e-01 -4.405357241630554199e-01
-1.266766190528869629e-01 -3.010815083980560303e-01
-1.337895244359970093e-01 -1.925493478775024414e-01
-1.369516253471374512e-01 -8.122669160366058350e-02
-2.211387157440185547e-01 4.068402200937271118e-02
-1.664289236068725586e-01 5.645121261477470398e-02
-1.080496162176132202e-01 7.307707518339157104e-02
-4.529199004173278809e-02 5.255734175443649292e-02
1.678531058132648468e-02 3.189788758754730225e-02
-5.518154501914978027e-01 -3.880866169929504395e-01
-4.778558313846588135e-01 -4.314520061016082764e-01
-3.847579061985015869e-01 -4.316903948783874512e-01
-2.916581928730010986e-01 -3.885549008846282959e-01
-3.745738267898559570e-01 -3.560062646865844727e-01
-4.667151272296905518e-01 -3.468490540981292725e-01
8.969260007143020630e-02 -4.032421708106994629e-01
1.715081483125686646e-01 -4.523726105690002441e-01
2.669967412948608398e-01 -4.612449109554290771e-01
3.747923076152801514e-01 -4.265207946300506592e-01
2.690471708774566650e-01 -3.769463598728179932e-01
1.730848550796508789e-01 -3.779260516166687012e-01
-2.828913331031799316e-01 3.239177763462066650e-01
-2.359840869903564453e-01 2.636529207229614258e-01
-1.538183689117431641e-01 2.342491745948791504e-01
-9.819491207599639893e-02 2.376300096511840820e-01
-3.965624421834945679e-02 2.299616932868957520e-01
6.326361745595932007e-02 2.510854601860046387e-01
1.580759137868881226e-01 2.979219257831573486e-01
9.509827196598052979e-02 3.595971763134002686e-01
-1.606583478860557079e-03 3.932106494903564453e-01
-6.727765500545501709e-02 4.051819741725921631e-01
-1.340350955724716187e-01 4.010639786720275879e-01
-2.217068821191787720e-01 3.795387446880340576e-01
-2.768910229206085205e-01 3.237200379371643066e-01
-1.410031467676162720e-01 2.918598651885986328e-01
-8.555373549461364746e-02 2.906875610351562500e-01
-2.718389593064785004e-02 2.880334854125976562e-01
1.556858718395233154e-01 2.973913550376892090e-01
-6.483415607362985611e-03 3.225021958351135254e-01
-6.969966739416122437e-02 3.269982635974884033e-01
-1.320677101612091064e-01 3.303768932819366455e-01
