-7.080872058868408203e-01 -3.796596825122833252e-01
-7.001669406890869141e-01 -1.815043091773986816e-01
-6.627795696258544922e-01 4.272332880645990372e-04
-6.235107779502868652e-01 1.505238264799118042e-01
-5.669947862625122070e-01 3.125067055225372314e-01
-4.836258888244628906e-01 4.619851708412170410e-01
-3.562320470809936523e-01 6.012235283851623535e-01
-1.867054551839828491e-01 7.126073837280273438e-01
-1.788701862096786499e-02 7.411942481994628906e-01
1.594873666763305664e-01 6.963052153587341309e-01
3.355197012424468994e-01 5.934902429580688477e-01
4.779798388481140137e-01 4.549153745174407959e-01
5.807204842567443848e-01 2.881610989570617676e-01
6.486535072326660156e-01 9.327343851327896118e-02
6.872451305389404297e-01 -9.459424763917922974e-02
7.039798498153686523e-01 -2.918694615364074707e-01
7.177242040634155273e-01 -4.840821623802185059e-01
-6.737098693847656250e-01 -4.801481962203979492e-01
-6.213565468788146973e-01 -6.489183306694030762e-01
-5.016091465950012207e-01 -6.783164739608764648e-01
-3.578654527664184570e-01 -6.547420620918273926e-01
-2.289124429225921631e-01 -6.049033999443054199e-01
-2.637657150626182556e-02 -6.122919917106628418e-01
1.036394760012626648e-01 -6.718438267707824707e-01
2.667669057846069336e-01 -7.092239856719970703e-01
4.300114214420318604e-01 -6.950100660324096680e-01
5.438696146011352539e-01 -5.350217819213867188e-01
-1.218096464872360229e-01 -4.385704994201660156e-01
-1.269494891166687012e-01 -2.979568243026733398e-01
-1.340539157390594482e-01 -1.884062290191650391e-01
-1.369543373584747314e-01 -7.606142014265060425e-02
-2.203156352043151855e-01 4.790351912379264832e-02
-1.661333441734313965e-01 6.274297088384628296e-02
-1.079812347888946533e-01 7.927716523408889771e-02
-4.561259597539901733e-02 5.907144770026206970e-02
1.560137979686260223e-02 3.942386806011199951e-02
-5.534252524375915527e-01 -3.932830095291137695e-01
-4.815894961357116699e-01 -4.509437382221221924e-01
-3.848927319049835205e-01 -4.485447108745574951e-01
-2.916823923587799072e-01 -3.908928930759429932e-01
-3.732879757881164551e-01 -3.559274971485137939e-01
-4.657574295997619629e-01 -3.476248979568481445e-01
8.930058777332305908e-02 -4.056001901626586914e-01
1.689274758100509644e-01 -4.689799845218658447e-01
2.678936123847961426e-01 -4.808568656444549561e-01
3.760037720203399658e-01 -4.312818050384521484e-01
2.687210738658905029e-01 -3.774424493312835693e-01
1.722914278507232666e-01 -3.777334392070770264e-01
-2.805416882038116455e-01 3.311373591423034668e-01
-2.343536019325256348e-01 2.721984088420867920e-01
-1.538177281618118286e-01 2.416748106479644775e-01
-9.885294735431671143e-02 2.444444894790649414e-01
-4.095913097262382507e-02 2.377244383096694946e-01
6.051074340939521790e-02 2.606791257858276367e-01
1.545301824808120728e-01 3.082452714443206787e-01
9.303937852382659912e-02 3.682933747768402100e-01
-2.244896488264203072e-03 4.018517434597015381e-01
-6.687020510435104370e-02 4.131835699081420898e-01
-1.325946450233459473e-01 4.085380434989929199e-01
-2.194327414035797119e-01 3.854867517948150635e-01
-2.745177447795867920e-01 3.308832943439483643e-01
-1.409933120012283325e-01 3.012111186981201172e-01
-8.666379749774932861e-02 2.998336553573608398e-01
-2.917632646858692169e-02 2.978677749633789062e-01
1.520996987819671631e-01 3.076449632644653320e-01
-6.741505116224288940e-03 3.319985866546630859e-01
-6.932745128870010376e-02 3.364424407482147217e-01
-1.302220076322555542e-01 3.386658132076263428e-01
