-7.120162248611450195e-01 -4.200972318649291992e-01 2.594548463821411133e-01 1.000000000000000000e+00
-6.796886324882507324e-01 -2.286096364259719849e-01 2.939086556434631348e-01 1.000000000000000000e+00
-6.343576312065124512e-01 -1.480461936444044113e-02 3.206208646297454834e-01 0.000000000000000000e+00
-5.800982713699340820e-01 1.766178905963897705e-01 2.670478224754333496e-01 0.000000000000000000e+00
-5.248748064041137695e-01 3.612156212329864502e-01 1.455945670604705811e-01 0.000000000000000000e+00
-4.452880322933197021e-01 5.158442854881286621e-01 -3.775215893983840942e-02 1.000000000000000000e+00
-3.224425017833709717e-01 6.338347196578979492e-01 -1.728414744138717651e-01 1.000000000000000000e+00
-1.785646975040435791e-01 7.186935544013977051e-01 -3.306884765625000000e-01 1.000000000000000000e+00
3.476632991805672646e-03 7.468653917312622070e-01 -3.684275448322296143e-01 1.000000000000000000e+00
1.605278998613357544e-01 6.986559033393859863e-01 -3.796691000461578369e-01 1.000000000000000000e+00
3.296739161014556885e-01 6.011914610862731934e-01 -2.701290845870971680e-01 1.000000000000000000e+00
4.675313830375671387e-01 4.705797433853149414e-01 -1.781759560108184814e-01 1.000000000000000000e+00
5.758075118064880371e-01 3.065897226333618164e-01 -2.603034302592277527e-02 1.000000000000000000e+00
6.443062424659729004e-01 1.162806823849678040e-01 7.318330556154251099e-02 1.000000000000000000e+00
6.960297226905822754e-01 -7.332035899162292480e-02 1.040300354361534119e-01 1.000000000000000000e+00
7.117872834205627441e-01 -2.894278764724731445e-01 6.003015860915184021e-02 1.000000000000000000e+00
7.318682074546813965e-01 -4.828544855117797852e-01 2.185633592307567596e-02 1.000000000000000000e+00
-6.737098693847656250e-01 -4.801481962203979492e-01 -2.220342904329299927e-01 1.000000000000000000e+00
-6.213565468788146973e-01 -6.489183306694030762e-01 -4.034469425678253174e-01 1.000000000000000000e+00
-5.016091465950012207e-01 -6.783164739608764648e-01 -5.617721080780029297e-01 1.000000000000000000e+00
-3.578654527664184570e-01 -6.547420620918273926e-01 -6.527667641639709473e-01 1.000000000000000000e+00
-2.289124429225921631e-01 -6.049033999443054199e-01 -6.904815435409545898e-01 1.000000000000000000e+00
-2.637657150626182556e-02 -6.122919917106628418e-01 -7.235990762710571289e-01 1.000000000000000000e+00
1.036394760012626648e-01 -6.718438267707824707e-01 -7.301680445671081543e-01 1.000000000000000000e+00
2.667669057846069336e-01 -7.092239856719970703e-01 -6.855270862579345703e-01 1.000000000000000000e+00
4.300114214420318604e-01 -6.950100660324096680e-01 -5.674611330032348633e-01 1.000000000000000000e+00
5.438696146011352539e-01 -5.350217819213867188e-01 -4.130749404430389404e-01 1.000000000000000000e+00
-1.218096464872360229e-01 -4.385704994201660156e-01 -7.169625163078308105e-01 1.000000000000000000e+00
-1.269494891166687012e-01 -2.979568243026733398e-01 -7.893972992897033691e-01 1.000000000000000000e+00
-1.340539157390594482e-01 -1.884062290191650391e-01 -8.548443317413330078e-01 1.000000000000000000e+00
-1.369543373584747314e-01 -7.606142014265060425e-02 -9.043682813644409180e-01 1.000000000000000000e+00
-2.203156352043151855e-01 4.790351912379264832e-02 -6.728982925415039062e-01 1.000000000000000000e+00
-1.661333441734313965e-01 6.274297088384628296e-02 -7.100821733474731445e-01 1.000000000000000000e+00
-1.079812347888946533e-01 7.927716523408889771e-02 -7.384880185127258301e-01 1.000000000000000000e+00
-4.561259597539901733e-02 5.907144770026206970e-02 -7.297571301460266113e-01 1.000000000000000000e+00
1.560137979686260223e-02 3.942386806011199951e-02 -7.110131382942199707e-01 1.000000000000000000e+00
-5.534252524375915527e-01 -3.932830095291137695e-01 -4.188721179962158203e-01 1.000000000000000000e+00
-4.815894961357116699e-01 -4.509437382221221924e-01 -5.342838764190673828e-01 1.000000000000000000e+00
-3.848927319049835205e-01 -4.485447108745574951e-01 -5.581972002983093262e-01 1.000000000000000000e+00
-2.916823923587799072e-01 -3.908928930759429932e-01 -5.380657911300659180e-01 1.000000000000000000e+00
-3.732879757881164551e-01 -3.559274971485137939e-01 -5.327615141868591309e-01 1.000000000000000000e+00
-4.657574295997619629e-01 -3.476248979568481445e-01 -5.063776969909667969e-01 1.000000000000000000e+00
8.930058777332305908e-02 -4.056001901626586914e-01 -6.024884581565856934e-01 1.000000000000000000e+00
1.689274758100509644e-01 -4.689799845218658447e-01 -6.500700116157531738e-01 1.000000000000000000e+00
2.678936123847961426e-01 -4.808568656444549561e-01 -6.576200723648071289e-01 1.000000000000000000e+00
3.760037720203399658e-01 -4.312818050384521484e-01 -5.690085291862487793e-01 1.000000000000000000e+00
2.687210738658905029e-01 -3.774424493312835693e-01 -6.268597245216369629e-01 1.000000000000000000e+00
1.722914278507232666e-01 -3.777334392070770264e-01 -6.237804293632507324e-01 1.000000000000000000e+00
-2.805416882038116455e-01 3.311373591423034668e-01 -5.180293321609497070e-01 1.000000000000000000e+00
-2.343536019325256348e-01 2.721984088420867920e-01 -6.409402489662170410e-01 1.000000000000000000e+00
-1.538177281618118286e-01 2.416748106479644775e-01 -7.126208543777465820e-01 1.000000000000000000e+00
-9.885294735431671143e-02 2.444444894790649414e-01 -7.294045686721801758e-01 1.000000000000000000e+00
-4.095913097262382507e-02 2.377244383096694946e-01 -7.309241890907287598e-01 1.000000000000000000e+00
6.051074340939521790e-02 2.606791257858276367e-01 -6.858940124511718750e-01 1.000000000000000000e+00
1.545301824808120728e-01 3.082452714443206787e-01 -5.847048759460449219e-01 1.000000000000000000e+00
9.303937852382659912e-02 3.682933747768402100e-01 -6.282287836074829102e-01 1.000000000000000000e+00
-2.244896488264203072e-03 4.018517434597015381e-01 -6.647361516952514648e-01 1.000000000000000000e+00
-6.687020510435104370e-02 4.131835699081420898e-01 -6.592116951942443848e-01 1.000000000000000000e+00
-1.325946450233459473e-01 4.085380434989929199e-01 -6.439179778099060059e-01 1.000000000000000000e+00
-2.194327414035797119e-01 3.854867517948150635e-01 -5.830004215240478516e-01 1.000000000000000000e+00
-2.745177447795867920e-01 3.308832943439483643e-01 -5.150620341300964355e-01 1.000000000000000000e+00
-1.409933120012283325e-01 3.012111186981201172e-01 -6.508227586746215820e-01 1.000000000000000000e+00
-8.666379749774932861e-02 2.998336553573608398e-01 -6.686707735061645508e-01 1.000000000000000000e+00
-2.917632646858692169e-02 2.978677749633789062e-01 -6.666245460510253906e-01 1.000000000000000000e+00
1.520996987819671631e-01 3.076449632644653320e-01 -5.843395590782165527e-01 1.000000000000000000e+00
-6.741505116224288940e-03 3.319985866546630859e-01 -6.511532664299011230e-01 1.000000000000000000e+00
-6.932745128870010376e-02 3.364424407482147217e-01 -6.446652412414550781e-01 1.000000000000000000e+00
-1.302220076322555542e-01 3.386658132076263428e-01 -6.318942904472351074e-01 1.000000000000000000e+00
