-6.871731281280517578e-01 -3.807083070278167725e-01
-6.911701560020446777e-01 -2.009474933147430420e-01
-6.552957892417907715e-01 -2.183348126709461212e-02
-6.291776895523071289e-01 1.346082985401153564e-01
-5.826994776725769043e-01 2.967530786991119385e-01
-5.145119428634643555e-01 4.528200626373291016e-01
-4.092141687870025635e-01 6.069691181182861328e-01
-2.426638454198837280e-01 7.385407090187072754e-01
-6.777545809745788574e-02 7.675659060478210449e-01
1.299042254686355591e-01 7.197235226631164551e-01
3.218602240085601807e-01 6.104187965393066406e-01
4.732905626296997070e-01 4.585357904434204102e-01
6.034916639328002930e-01 2.827033400535583496e-01
6.808619499206542969e-01 8.507785946130752563e-02
7.065683603286743164e-01 -1.045600101351737976e-01
7.070719599723815918e-01 -3.087568283081054688e-01
7.052656412124633789e-01 -5.066151618957519531e-01
-6.789256930351257324e-01 -4.859161376953125000e-01
-6.441818475723266602e-01 -6.449484825134277344e-01
-5.412338376045227051e-01 -6.716825366020202637e-01
-4.102890491485595703e-01 -6.522138714790344238e-01
-2.871796786785125732e-01 -6.105979681015014648e-01
-9.889020025730133057e-02 -6.182990074157714844e-01
2.464055269956588745e-02 -6.711655259132385254e-01
1.847393214702606201e-01 -7.070540189743041992e-01
3.527799248695373535e-01 -6.971551775932312012e-01
4.821065664291381836e-01 -5.485045909881591797e-01
-1.869920641183853149e-01 -4.671711325645446777e-01
-2.007321566343307495e-01 -3.343837559223175049e-01
-2.139294445514678955e-01 -2.239946573972702026e-01
-2.210438400506973267e-01 -1.092306822538375854e-01
-2.827320396900177002e-01 5.570435896515846252e-03
-2.316483408212661743e-01 2.188345231115818024e-02
-1.769187897443771362e-01 3.960264846682548523e-02
-1.146906614303588867e-01 1.768673956394195557e-02
-5.099485442042350769e-02 -3.115258878096938133e-03
-5.666815638542175293e-01 -4.108872711658477783e-01
-5.080977678298950195e-01 -4.654128849506378174e-01
-4.142463207244873047e-01 -4.664619863033294678e-01
-3.171800374984741211e-01 -4.180444777011871338e-01
-4.005382955074310303e-01 -3.798999488353729248e-01
-4.876639246940612793e-01 -3.708543479442596436e-01
2.110194414854049683e-02 -4.343107640743255615e-01
9.561105817556381226e-02 -4.899641275405883789e-01
1.920691430568695068e-01 -4.990010559558868408e-01
3.032734394073486328e-01 -4.534491002559661865e-01
1.938020884990692139e-01 -4.035790860652923584e-01
1.012491956353187561e-01 -4.039293825626373291e-01
-3.311169445514678955e-01 3.137000799179077148e-01
-2.979811429977416992e-01 2.441772967576980591e-01
-2.227275222539901733e-01 2.098215967416763306e-01
-1.678900867700576782e-01 2.119059711694717407e-01
-1.087840273976325989e-01 2.058605253696441650e-01
-9.121646289713680744e-04 2.330199480056762695e-01
9.951233118772506714e-02 2.934181392192840576e-01
3.210102021694183350e-02 3.575145304203033447e-01
-6.573545932769775391e-02 3.899193704128265381e-01
-1.290012300014495850e-01 3.996352851390838623e-01
-1.925031095743179321e-01 3.949902653694152832e-01
-2.742898464202880859e-01 3.723566830158233643e-01
-3.244904577732086182e-01 3.125479221343994141e-01
-2.035603523254394531e-01 2.734954357147216797e-01
-1.490411162376403809e-01 2.694652080535888672e-01
-8.984743058681488037e-02 2.722813189029693604e-01
9.722700715065002441e-02 2.925586104393005371e-01
-6.765235960483551025e-02 3.207218348979949951e-01
-1.283507794141769409e-01 3.246692717075347900e-01
-1.888168305158615112e-01 3.263472914695739746e-01
