-6.869279742240905762e-01 -4.302800893783569336e-01 3.308057487010955811e-01 0.000000000000000000e+00
-6.602143645286560059e-01 -2.370759248733520508e-01 3.691836297512054443e-01 0.000000000000000000e+00
-6.227988600730895996e-01 -2.042594552040100098e-02 3.955591022968292236e-01 0.000000000000000000e+00
-5.979446768760681152e-01 1.701107323169708252e-01 3.405188024044036865e-01 0.000000000000000000e+00
-5.514287948608398438e-01 3.549381792545318604e-01 2.072924077510833740e-01 0.000000000000000000e+00
-4.797884523868560791e-01 5.172172784805297852e-01 2.002980094403028488e-03 1.000000000000000000e+00
-3.705034255981445312e-01 6.508646607398986816e-01 -1.616948544979095459e-01 1.000000000000000000e+00
-2.323260903358459473e-01 7.439413070678710938e-01 -3.378553092479705811e-01 1.000000000000000000e+00
-3.828061744570732117e-02 7.740016579627990723e-01 -4.011742472648620605e-01 1.000000000000000000e+00
1.299328058958053589e-01 7.210235595703125000e-01 -4.252356886863708496e-01 1.000000000000000000e+00
3.192430436611175537e-01 6.126962900161743164e-01 -3.298781812191009521e-01 1.000000000000000000e+00
4.715373516082763672e-01 4.648723304271697998e-01 -2.338176667690277100e-01 1.000000000000000000e+00
6.048092246055603027e-01 2.903420031070709229e-01 -8.323806524276733398e-02 1.000000000000000000e+00
6.801297664642333984e-01 9.649927914142608643e-02 1.685384847223758698e-02 1.000000000000000000e+00
7.151272296905517578e-01 -9.076560288667678833e-02 5.057631805539131165e-02 1.000000000000000000e+00
7.142555117607116699e-01 -3.091241121292114258e-01 6.119742058217525482e-03 1.000000000000000000e+00
7.103800773620605469e-01 -5.039856433868408203e-01 -3.640506789088249207e-02 1.000000000000000000e+00
-6.789256930351257324e-01 -4.859161376953125000e-01 -1.479057371616363525e-01 1.000000000000000000e+00
-6.441818475723266602e-01 -6.449484825134277344e-01 -3.335918784141540527e-01 1.000000000000000000e+00
-5.412338376045227051e-01 -6.716825366020202637e-01 -5.016595721244812012e-01 1.000000000000000000e+00
-4.102890491485595703e-01 -6.522138714790344238e-01 -6.031007766723632812e-01 1.000000000000000000e+00
-2.871796786785125732e-01 -6.105979681015014648e-01 -6.491782665252685547e-01 1.000000000000000000e+00
-9.889020025730133057e-02 -6.182990074157714844e-01 -7.006266117095947266e-01 1.000000000000000000e+00
2.464055269956588745e-02 -6.711655259132385254e-01 -7.234998345375061035e-01 1.000000000000000000e+00
1.847393214702606201e-01 -7.070540189743041992e-01 -6.948683857917785645e-01 1.000000000000000000e+00
3.527799248695373535e-01 -6.971551775932312012e-01 -5.902063846588134766e-01 1.000000000000000000e+00
4.821065664291381836e-01 -5.485045909881591797e-01 -4.475043118000030518e-01 1.000000000000000000e+00
-1.869920641183853149e-01 -4.671711325645446777e-01 -6.888895034790039062e-01 1.000000000000000000e+00
-2.007321566343307495e-01 -3.343837559223175049e-01 -7.648582458496093750e-01 1.000000000000000000e+00
-2.139294445514678955e-01 -2.239946573972702026e-01 -8.310223817825317383e-01 1.000000000000000000e+00
-2.210438400506973267e-01 -1.092306822538375854e-01 -8.829087615013122559e-01 1.000000000000000000e+00
-2.827320396900177002e-01 5.570435896515846252e-03 -6.331591606140136719e-01 1.000000000000000000e+00
-2.316483408212661743e-01 2.188345231115818024e-02 -6.790437698364257812e-01 1.000000000000000000e+00
-1.769187897443771362e-01 3.960264846682548523e-02 -7.144131064414978027e-01 1.000000000000000000e+00
-1.146906614303588867e-01 1.768673956394195557e-02 -7.118623256683349609e-01 1.000000000000000000e+00
-5.099485442042350769e-02 -3.115258878096938133e-03 -6.946982145309448242e-01 1.000000000000000000e+00
-5.666815638542175293e-01 -4.108872711658477783e-01 -3.424794077873229980e-01 1.000000000000000000e+00
-5.080977678298950195e-01 -4.654128849506378174e-01 -4.604054987430572510e-01 1.000000000000000000e+00
-4.142463207244873047e-01 -4.664619863033294678e-01 -4.907780885696411133e-01 1.000000000000000000e+00
-3.171800374984741211e-01 -4.180444777011871338e-01 -4.773669242858886719e-01 1.000000000000000000e+00
-4.005382955074310303e-01 -3.798999488353729248e-01 -4.687020480632781982e-01 1.000000000000000000e+00
-4.876639246940612793e-01 -3.708543479442596436e-01 -4.351716935634613037e-01 1.000000000000000000e+00
2.110194414854049683e-02 -4.343107640743255615e-01 -5.711792707443237305e-01 1.000000000000000000e+00
9.561105817556381226e-02 -4.899641275405883789e-01 -6.285698413848876953e-01 1.000000000000000000e+00
1.920691430568695068e-01 -4.990010559558868408e-01 -6.476638913154602051e-01 1.000000000000000000e+00
3.032734394073486328e-01 -4.534491002559661865e-01 -5.699016451835632324e-01 1.000000000000000000e+00
1.938020884990692139e-01 -4.035790860652923584e-01 -6.162090897560119629e-01 1.000000000000000000e+00
1.012491956353187561e-01 -4.039293825626373291e-01 -6.042687296867370605e-01 1.000000000000000000e+00
-3.311169445514678955e-01 3.137000799179077148e-01 -4.923126697540283203e-01 1.000000000000000000e+00
-2.979811429977416992e-01 2.441772967576980591e-01 -6.164699196815490723e-01 1.000000000000000000e+00
-2.227275222539901733e-01 2.098215967416763306e-01 -6.951950192451477051e-01 1.000000000000000000e+00
-1.678900867700576782e-01 2.119059711694717407e-01 -7.174946665763854980e-01 1.000000000000000000e+00
-1.087840273976325989e-01 2.058605253696441650e-01 -7.266720533370971680e-01 1.000000000000000000e+00
-9.121646289713680744e-04 2.330199480056762695e-01 -6.939257979393005371e-01 1.000000000000000000e+00
9.951233118772506714e-02 2.934181392192840576e-01 -6.043273806571960449e-01 1.000000000000000000e+00
3.210102021694183350e-02 3.575145304203033447e-01 -6.392496824264526367e-01 1.000000000000000000e+00
-6.573545932769775391e-02 3.899193704128265381e-01 -6.629986166954040527e-01 1.000000000000000000e+00
-1.290012300014495850e-01 3.996352851390838623e-01 -6.508156657218933105e-01 1.000000000000000000e+00
-1.925031095743179321e-01 3.949902653694152832e-01 -6.295055747032165527e-01 1.000000000000000000e+00
-2.742898464202880859e-01 3.723566830158233643e-01 -5.636671781539916992e-01 1.000000000000000000e+00
-3.244904577732086182e-01 3.125479221343994141e-01 -4.895554184913635254e-01 1.000000000000000000e+00
-2.035603523254394531e-01 2.734954357147216797e-01 -6.348566412925720215e-01 1.000000000000000000e+00
-1.490411162376403809e-01 2.694652080535888672e-01 -6.574823260307312012e-01 1.000000000000000000e+00
-8.984743058681488037e-02 2.722813189029693604e-01 -6.637232899665832520e-01 1.000000000000000000e+00
9.722700715065002441e-02 2.925586104393005371e-01 -6.034336686134338379e-01 1.000000000000000000e+00
-6.765235960483551025e-02 3.207218348979949951e-01 -6.476195454597473145e-01 1.000000000000000000e+00
-1.283507794141769409e-01 3.246692717075347900e-01 -6.355819106101989746e-01 1.000000000000000000e+00
-1.888168305158615112e-01 3.263472914695739746e-01 -6.165948510169982910e-01 1.000000000000000000e+00
