-6.869703531265258789e-01 -4.300976693630218506e-01 3.308078944683074951e-01 0.000000000000000000e+00
-6.602168083190917969e-01 -2.368190586566925049e-01 3.691982924938201904e-01 0.000000000000000000e+00
-6.226789951324462891e-01 -2.004413865506649017e-02 3.955889344215393066e-01 0.000000000000000000e+00
-5.976140499114990234e-01 1.706612855195999146e-01 3.404930531978607178e-01 0.000000000000000000e+00
-5.508021712303161621e-01 3.555232882499694824e-01 2.070898711681365967e-01 0.000000000000000000e+00
-4.788239896297454834e-01 5.177342891693115234e-01 1.464060158468782902e-03 1.000000000000000000e+00
-3.692151308059692383e-01 6.507996320724487305e-01 -1.627584248781204224e-01 1.000000000000000000e+00
-2.310302108526229858e-01 7.431412339210510254e-01 -3.394379913806915283e-01 1.000000000000000000e+00
-3.700379282236099243e-02 7.725191116333007812e-01 -4.031128287315368652e-01 1.000000000000000000e+00
1.308945864439010620e-01 7.192457318305969238e-01 -4.272605180740356445e-01 1.000000000000000000e+00
3.196845352649688721e-01 6.111539006233215332e-01 -3.314594030380249023e-01 1.000000000000000000e+00
4.717493057250976562e-01 4.639159739017486572e-01 -2.348459511995315552e-01 1.000000000000000000e+00
6.048902869224548340e-01 2.896998822689056396e-01 -8.379239588975906372e-02 1.000000000000000000e+00
6.802577376365661621e-01 9.606050699949264526e-02 1.656660065054893494e-02 1.000000000000000000e+00
7.150942683219909668e-01 -9.111652523279190063e-02 5.029574036598205566e-02 1.000000000000000000e+00
7.141402959823608398e-01 -3.093368113040924072e-01 5.955052096396684647e-03 1.000000000000000000e+00
7.102460265159606934e-01 -5.041468739509582520e-01 -3.651582077145576477e-02 1.000000000000000000e+00
-6.789205670356750488e-01 -4.857601523399353027e-01 -1.478549838066101074e-01 1.000000000000000000e+00
-6.440663933753967285e-01 -6.448177695274353027e-01 -3.337228596210479736e-01 1.000000000000000000e+00
-5.411851406097412109e-01 -6.715613007545471191e-01 -5.017815232276916504e-01 1.000000000000000000e+00
-4.103784263134002686e-01 -6.523912549018859863e-01 -6.033789515495300293e-01 1.000000000000000000e+00
-2.873657047748565674e-01 -6.110840439796447754e-01 -6.493102908134460449e-01 1.000000000000000000e+00
-9.901344031095504761e-02 -6.187624335289001465e-01 -7.008327245712280273e-01 1.000000000000000000e+00
2.443649806082248688e-02 -6.714280247688293457e-01 -7.238245010375976562e-01 1.000000000000000000e+00
1.844687014818191528e-01 -7.070721983909606934e-01 -6.950116157531738281e-01 1.000000000000000000e+00
3.524795770645141602e-01 -6.969975233078002930e-01 -5.904105305671691895e-01 1.000000000000000000e+00
4.820045530796051025e-01 -5.484253764152526855e-01 -4.475632309913635254e-01 1.000000000000000000e+00
-1.869811862707138062e-01 -4.674473404884338379e-01 -6.887807250022888184e-01 1.000000000000000000e+00
-2.007046490907669067e-01 -3.342854678630828857e-01 -7.649035453796386719e-01 1.000000000000000000e+00
-2.138990759849548340e-01 -2.238398939371109009e-01 -8.310572504997253418e-01 1.000000000000000000e+00
-2.210117131471633911e-01 -1.090400665998458862e-01 -8.829804658889770508e-01 1.000000000000000000e+00
-2.824972271919250488e-01 6.580891087651252747e-03 -6.335220932960510254e-01 1.000000000000000000e+00
-2.315430939197540283e-01 2.244220301508903503e-02 -6.793513894081115723e-01 1.000000000000000000e+00
-1.769798249006271362e-01 4.003962874412536621e-02 -7.147830724716186523e-01 1.000000000000000000e+00
-1.149031445384025574e-01 1.826043799519538879e-02 -7.120735049247741699e-01 1.000000000000000000e+00
-5.129662901163101196e-02 -2.078719902783632278e-03 -6.949521303176879883e-01 1.000000000000000000e+00
-5.665764212608337402e-01 -4.110819697380065918e-01 -3.424185812473297119e-01 1.000000000000000000e+00
-5.080389976501464844e-01 -4.660085141658782959e-01 -4.603820443153381348e-01 1.000000000000000000e+00
-4.140626192092895508e-01 -4.669525325298309326e-01 -4.908630847930908203e-01 1.000000000000000000e+00
-3.170584738254547119e-01 -4.180979132652282715e-01 -4.773325324058532715e-01 1.000000000000000000e+00
-4.002439677715301514e-01 -3.798564076423645020e-01 -4.686196446418762207e-01 1.000000000000000000e+00
-4.874255061149597168e-01 -3.707978725433349609e-01 -4.350485205650329590e-01 1.000000000000000000e+00
2.104462869465351105e-02 -4.344476163387298584e-01 -5.711575150489807129e-01 1.000000000000000000e+00
9.549444913864135742e-02 -4.902943968772888184e-01 -6.285831332206726074e-01 1.000000000000000000e+00
1.920304596424102783e-01 -4.993810951709747314e-01 -6.476122736930847168e-01 1.000000000000000000e+00
3.032388389110565186e-01 -4.536259770393371582e-01 -5.697972178459167480e-01 1.000000000000000000e+00
1.937559545040130615e-01 -4.035910665988922119e-01 -6.160306930541992188e-01 1.000000000000000000e+00
1.011145636439323425e-01 -4.039800167083740234e-01 -6.041324734687805176e-01 1.000000000000000000e+00
-3.303002417087554932e-01 3.149188458919525146e-01 -4.948781728744506836e-01 1.000000000000000000e+00
-2.975969016551971436e-01 2.454670518636703491e-01 -6.185206174850463867e-01 1.000000000000000000e+00
-2.227683365345001221e-01 2.107829004526138306e-01 -6.965795755386352539e-01 1.000000000000000000e+00
-1.681504845619201660e-01 2.128726840019226074e-01 -7.187454700469970703e-01 1.000000000000000000e+00
-1.093187108635902405e-01 2.068349719047546387e-01 -7.278430461883544922e-01 1.000000000000000000e+00
-2.094839001074433327e-03 2.341658025979995728e-01 -6.955139040946960449e-01 1.000000000000000000e+00
9.784545749425888062e-02 2.939992547035217285e-01 -6.066831350326538086e-01 1.000000000000000000e+00
3.098051622509956360e-02 3.565961718559265137e-01 -6.414826512336730957e-01 1.000000000000000000e+00
-6.627669930458068848e-02 3.888459801673889160e-01 -6.649836301803588867e-01 1.000000000000000000e+00
-1.292050629854202271e-01 3.987178206443786621e-01 -6.526387333869934082e-01 1.000000000000000000e+00
-1.924384236335754395e-01 3.942804932594299316e-01 -6.313872933387756348e-01 1.000000000000000000e+00
-2.736125290393829346e-01 3.722023665904998779e-01 -5.658141970634460449e-01 1.000000000000000000e+00
-3.237522840499877930e-01 3.136974275112152100e-01 -4.921622574329376221e-01 1.000000000000000000e+00
-2.036606520414352417e-01 2.747985422611236572e-01 -6.366704106330871582e-01 1.000000000000000000e+00
-1.493982374668121338e-01 2.708762884140014648e-01 -6.592527627944946289e-01 1.000000000000000000e+00
-9.043457359075546265e-02 2.735884189605712891e-01 -6.653376817703247070e-01 1.000000000000000000e+00
9.557432681322097778e-02 2.931523919105529785e-01 -6.057850718498229980e-01 1.000000000000000000e+00
-6.850887835025787354e-02 3.195671737194061279e-01 -6.499565243721008301e-01 1.000000000000000000e+00
-1.288950592279434204e-01 3.236359655857086182e-01 -6.377140283584594727e-01 1.000000000000000000e+00
-1.890779286623001099e-01 3.255679309368133545e-01 -6.189274787902832031e-01 1.000000000000000000e+00
