-6.871852874755859375e-01 -3.803917467594146729e-01
-6.910781264305114746e-01 -2.000759094953536987e-01
-6.548281908035278320e-01 -2.070557698607444763e-02
-6.284565329551696777e-01 1.356010288000106812e-01
-5.818873643875122070e-01 2.977851927280426025e-01
-5.135991573333740234e-01 4.536732137203216553e-01
-4.080440104007720947e-01 6.071501970291137695e-01
-2.414146065711975098e-01 7.376989722251892090e-01
-6.656240671873092651e-02 7.660254836082458496e-01
1.308565735816955566e-01 7.179336547851562500e-01
3.222958445549011230e-01 6.088865995407104492e-01
4.734981358051300049e-01 4.575986266136169434e-01
6.035634875297546387e-01 2.821048796176910400e-01
6.809804439544677734e-01 8.463025838136672974e-02
7.065254449844360352e-01 -1.049322113394737244e-01
7.069459557533264160e-01 -3.089944422245025635e-01
7.051172256469726562e-01 -5.067812204360961914e-01
-6.789205670356750488e-01 -4.857601523399353027e-01
-6.440663933753967285e-01 -6.448177695274353027e-01
-5.411851406097412109e-01 -6.715613007545471191e-01
-4.103784263134002686e-01 -6.523912549018859863e-01
-2.873657047748565674e-01 -6.110840439796447754e-01
-9.901344031095504761e-02 -6.187624335289001465e-01
2.443649806082248688e-02 -6.714280247688293457e-01
1.844687014818191528e-01 -7.070721983909606934e-01
3.524795770645141602e-01 -6.969975233078002930e-01
4.820045530796051025e-01 -5.484253764152526855e-01
-1.869811862707138062e-01 -4.674473404884338379e-01
-2.007046490907669067e-01 -3.342854678630828857e-01
-2.138990759849548340e-01 -2.238398939371109009e-01
-2.210117131471633911e-01 -1.090400665998458862e-01
-2.824972271919250488e-01 6.580891087651252747e-03
-2.315430939197540283e-01 2.244220301508903503e-02
-1.769798249006271362e-01 4.003962874412536621e-02
-1.149031445384025574e-01 1.826043799519538879e-02
-5.129662901163101196e-02 -2.078719902783632278e-03
-5.665764212608337402e-01 -4.110819697380065918e-01
-5.080389976501464844e-01 -4.660085141658782959e-01
-4.140626192092895508e-01 -4.669525325298309326e-01
-3.170584738254547119e-01 -4.180979132652282715e-01
-4.002439677715301514e-01 -3.798564076423645020e-01
-4.874255061149597168e-01 -3.707978725433349609e-01
2.104462869465351105e-02 -4.344476163387298584e-01
9.549444913864135742e-02 -4.902943968772888184e-01
1.920304596424102783e-01 -4.993810951709747314e-01
3.032388389110565186e-01 -4.536259770393371582e-01
1.937559545040130615e-01 -4.035910665988922119e-01
1.011145636439323425e-01 -4.039800167083740234e-01
-3.303002417087554932e-01 3.149188458919525146e-01
-2.975969016551971436e-01 2.454670518636703491e-01
-2.227683365345001221e-01 2.107829004526138306e-01
-1.681504845619201660e-01 2.128726840019226074e-01
-1.093187108635902405e-01 2.068349719047546387e-01
-2.094839001074433327e-03 2.341658025979995728e-01
9.784545749425888062e-02 2.939992547035217285e-01
3.098051622509956360e-02 3.565961718559265137e-01
-6.627669930458068848e-02 3.888459801673889160e-01
-1.292050629854202271e-01 3.987178206443786621e-01
-1.924384236335754395e-01 3.942804932594299316e-01
-2.736125290393829346e-01 3.722023665904998779e-01
-3.237522840499877930e-01 3.136974275112152100e-01
-2.036606520414352417e-01 2.747985422611236572e-01
-1.493982374668121338e-01 2.708762884140014648e-01
-9.043457359075546265e-02 2.735884189605712891e-01
9.557432681322097778e-02 2.931523919105529785e-01
-6.850887835025787354e-02 3.195671737194061279e-01
-1.288950592279434204e-01 3.236359655857086182e-01
-1.890779286623001099e-01 3.255679309368133545e-01
