-7.122083902359008789e-01 -4.196357727050781250e-01 2.622896730899810791e-01 1.000000000000000000e+00
-6.797304749488830566e-01 -2.279059737920761108e-01 2.968585193157196045e-01 1.000000000000000000e+00
-6.338852047920227051e-01 -1.359236426651477814e-02 3.238814473152160645e-01 0.000000000000000000e+00
-5.786721706390380859e-01 1.780347675085067749e-01 2.706056535243988037e-01 0.000000000000000000e+00
-5.222814083099365234e-01 3.620781898498535156e-01 1.493830531835556030e-01 0.000000000000000000e+00
-4.418914616107940674e-01 5.161862373352050781e-01 -3.299959376454353333e-02 1.000000000000000000e+00
-3.182405233383178711e-01 6.325020194053649902e-01 -1.691672503948211670e-01 1.000000000000000000e+00
-1.739230155944824219e-01 7.137554883956909180e-01 -3.292864859104156494e-01 1.000000000000000000e+00
6.949763745069503784e-03 7.394496202468872070e-01 -3.690801858901977539e-01 1.000000000000000000e+00
1.625888794660568237e-01 6.908404827117919922e-01 -3.805634081363677979e-01 1.000000000000000000e+00
3.317890763282775879e-01 5.939399600028991699e-01 -2.700978815555572510e-01 1.000000000000000000e+00
4.690329134464263916e-01 4.644747376441955566e-01 -1.775055229663848877e-01 1.000000000000000000e+00
5.763079524040222168e-01 3.022971749305725098e-01 -2.567294612526893616e-02 1.000000000000000000e+00
6.447392702102661133e-01 1.139883995056152344e-01 7.355408370494842529e-02 1.000000000000000000e+00
6.960656046867370605e-01 -7.473825663328170776e-02 1.047193333506584167e-01 1.000000000000000000e+00
7.115044593811035156e-01 -2.903777956962585449e-01 6.135382130742073059e-02 1.000000000000000000e+00
7.315549850463867188e-01 -4.836341440677642822e-01 2.349155396223068237e-02 1.000000000000000000e+00
-6.735332608222961426e-01 -4.788872599601745605e-01 -2.203202098608016968e-01 1.000000000000000000e+00
-6.204827427864074707e-01 -6.441754102706909180e-01 -4.028837084770202637e-01 1.000000000000000000e+00
-4.993613064289093018e-01 -6.739464998245239258e-01 -5.600435137748718262e-01 1.000000000000000000e+00
-3.556864857673645020e-01 -6.520722508430480957e-01 -6.502733826637268066e-01 1.000000000000000000e+00
-2.274344861507415771e-01 -6.041710972785949707e-01 -6.876651048660278320e-01 1.000000000000000000e+00
-2.673310972750186920e-02 -6.126762628555297852e-01 -7.205811738967895508e-01 1.000000000000000000e+00
1.026141494512557983e-01 -6.704335808753967285e-01 -7.265796065330505371e-01 1.000000000000000000e+00
2.652843892574310303e-01 -7.054940462112426758e-01 -6.832441091537475586e-01 1.000000000000000000e+00
4.288753867149353027e-01 -6.913739442825317383e-01 -5.665026903152465820e-01 1.000000000000000000e+00
5.434417724609375000e-01 -5.352335572242736816e-01 -4.116627871990203857e-01 1.000000000000000000e+00
-1.218699887394905090e-01 -4.404773712158203125e-01 -7.155499458312988281e-01 1.000000000000000000e+00
-1.266671717166900635e-01 -3.009685575962066650e-01 -7.877231836318969727e-01 1.000000000000000000e+00
-1.337540298700332642e-01 -1.925583928823471069e-01 -8.535270690917968750e-01 1.000000000000000000e+00
-1.368441283702850342e-01 -8.131525665521621704e-02 -9.036328792572021484e-01 1.000000000000000000e+00
-2.213424295186996460e-01 3.992940485477447510e-02 -6.712138056755065918e-01 1.000000000000000000e+00
-1.664639562368392944e-01 5.605347454547882080e-02 -7.088481187820434570e-01 1.000000000000000000e+00
-1.079135462641716003e-01 7.280652970075607300e-02 -7.370505332946777344e-01 1.000000000000000000e+00
-4.505512490868568420e-02 5.207243934273719788e-02 -7.287840247154235840e-01 1.000000000000000000e+00
1.713562197983264923e-02 3.098484501242637634e-02 -7.100905776023864746e-01 1.000000000000000000e+00
-5.520821213722229004e-01 -3.884679675102233887e-01 -4.186569452285766602e-01 1.000000000000000000e+00
-4.783794283866882324e-01 -4.333827197551727295e-01 -5.315375924110412598e-01 1.000000000000000000e+00
-3.849085271358489990e-01 -4.333857595920562744e-01 -5.537560582160949707e-01 1.000000000000000000e+00
-2.917503118515014648e-01 -3.887066543102264404e-01 -5.366582870483398438e-01 1.000000000000000000e+00
-3.745851814746856689e-01 -3.559565544128417969e-01 -5.327959656715393066e-01 1.000000000000000000e+00
-4.667638838291168213e-01 -3.468843102455139160e-01 -5.068126916885375977e-01 1.000000000000000000e+00
8.985673636198043823e-02 -4.036119282245635986e-01 -6.008558273315429688e-01 1.000000000000000000e+00
1.716053634881973267e-01 -4.535103142261505127e-01 -6.455593705177307129e-01 1.000000000000000000e+00
2.672593295574188232e-01 -4.625078737735748291e-01 -6.533263325691223145e-01 1.000000000000000000e+00
3.750222623348236084e-01 -4.269262254238128662e-01 -5.683147907257080078e-01 1.000000000000000000e+00
2.692795097827911377e-01 -3.773377537727355957e-01 -6.271968483924865723e-01 1.000000000000000000e+00
1.733039766550064087e-01 -3.782356381416320801e-01 -6.234549283981323242e-01 1.000000000000000000e+00
-2.844648063182830811e-01 3.232350647449493408e-01 -5.099006891250610352e-01 1.000000000000000000e+00
-2.364886403083801270e-01 2.626355588436126709e-01 -6.337989568710327148e-01 1.000000000000000000e+00
-1.536285877227783203e-01 2.336271256208419800e-01 -7.070102095603942871e-01 1.000000000000000000e+00
-9.787752479314804077e-02 2.370270341634750366e-01 -7.237412929534912109e-01 1.000000000000000000e+00
-3.928929194808006287e-02 2.292236238718032837e-01 -7.253833413124084473e-01 1.000000000000000000e+00
6.383062899112701416e-02 2.497744858264923096e-01 -6.796274185180664062e-01 1.000000000000000000e+00
1.582423001527786255e-01 2.958875000476837158e-01 -5.791411399841308594e-01 1.000000000000000000e+00
9.384680539369583130e-02 3.578794598579406738e-01 -6.245862245559692383e-01 1.000000000000000000e+00
-3.501093946397304535e-03 3.915295302867889404e-01 -6.623789668083190918e-01 1.000000000000000000e+00
-6.919425725936889648e-02 4.037547707557678223e-01 -6.560862064361572266e-01 1.000000000000000000e+00
-1.358088403940200806e-01 3.999154567718505859e-01 -6.396064162254333496e-01 1.000000000000000000e+00
-2.234499305486679077e-01 3.791096508502960205e-01 -5.761650800704956055e-01 1.000000000000000000e+00
-2.784988582134246826e-01 3.230183124542236328e-01 -5.068628191947937012e-01 1.000000000000000000e+00
-1.409912258386611938e-01 2.909826636314392090e-01 -6.433393359184265137e-01 1.000000000000000000e+00
-8.530662953853607178e-02 2.897619009017944336e-01 -6.611316800117492676e-01 1.000000000000000000e+00
-2.673704922199249268e-02 2.869843244552612305e-01 -6.600252985954284668e-01 1.000000000000000000e+00
1.558583676815032959e-01 2.953496575355529785e-01 -5.788089036941528320e-01 1.000000000000000000e+00
-8.546029217541217804e-03 3.209675252437591553e-01 -6.456747055053710938e-01 1.000000000000000000e+00
-7.196731865406036377e-02 3.256829679012298584e-01 -6.389202475547790527e-01 1.000000000000000000e+00
-1.343331187963485718e-01 3.294084370136260986e-01 -6.251320242881774902e-01 1.000000000000000000e+00
