-7.086169123649597168e-01 -3.792021870613098145e-01
-7.008201479911804199e-01 -1.816682070493698120e-01
-6.634871363639831543e-01 1.475077471695840359e-03
-6.239629983901977539e-01 1.525540500879287720e-01
-5.668228268623352051e-01 3.145736753940582275e-01
-4.818693101406097412e-01 4.634278416633605957e-01
-3.530552387237548828e-01 6.007816791534423828e-01
-1.824655681848526001e-01 7.081189751625061035e-01
-1.460696291178464890e-02 7.340925931930541992e-01
1.615725159645080566e-01 6.886076331138610840e-01
3.376482725143432617e-01 5.862896442413330078e-01
4.794519841670989990e-01 4.489035904407501221e-01
5.812147259712219238e-01 2.836937010288238525e-01
6.488034129142761230e-01 9.084222465753555298e-02
6.867121458053588867e-01 -9.649258106946945190e-02
7.035834789276123047e-01 -2.930791079998016357e-01
7.173464298248291016e-01 -4.851454496383666992e-01
-6.735332608222961426e-01 -4.788872599601745605e-01
-6.204827427864074707e-01 -6.441754102706909180e-01
-4.993613064289093018e-01 -6.739464998245239258e-01
-3.556864857673645020e-01 -6.520722508430480957e-01
-2.274344861507415771e-01 -6.041710972785949707e-01
-2.673310972750186920e-02 -6.126762628555297852e-01
1.026141494512557983e-01 -6.704335808753967285e-01
2.652843892574310303e-01 -7.054940462112426758e-01
4.288753867149353027e-01 -6.913739442825317383e-01
5.434417724609375000e-01 -5.352335572242736816e-01
-1.218699887394905090e-01 -4.404773712158203125e-01
-1.266671717166900635e-01 -3.009685575962066650e-01
-1.337540298700332642e-01 -1.925583928823471069e-01
-1.368441283702850342e-01 -8.131525665521621704e-02
-2.213424295186996460e-01 3.992940485477447510e-02
-1.664639562368392944e-01 5.605347454547882080e-02
-1.079135462641716003e-01 7.280652970075607300e-02
-4.505512490868568420e-02 5.207243934273719788e-02
1.713562197983264923e-02 3.098484501242637634e-02
-5.520821213722229004e-01 -3.884679675102233887e-01
-4.783794283866882324e-01 -4.333827197551727295e-01
-3.849085271358489990e-01 -4.333857595920562744e-01
-2.917503118515014648e-01 -3.887066543102264404e-01
-3.745851814746856689e-01 -3.559565544128417969e-01
-4.667638838291168213e-01 -3.468843102455139160e-01
8.985673636198043823e-02 -4.036119282245635986e-01
1.716053634881973267e-01 -4.535103142261505127e-01
2.672593295574188232e-01 -4.625078737735748291e-01
3.750222623348236084e-01 -4.269262254238128662e-01
2.692795097827911377e-01 -3.773377537727355957e-01
1.733039766550064087e-01 -3.782356381416320801e-01
-2.844648063182830811e-01 3.232350647449493408e-01
-2.364886403083801270e-01 2.626355588436126709e-01
-1.536285877227783203e-01 2.336271256208419800e-01
-9.787752479314804077e-02 2.370270341634750366e-01
-3.928929194808006287e-02 2.292236238718032837e-01
6.383062899112701416e-02 2.497744858264923096e-01
1.582423001527786255e-01 2.958875000476837158e-01
9.384680539369583130e-02 3.578794598579406738e-01
-3.501093946397304535e-03 3.915295302867889404e-01
-6.919425725936889648e-02 4.037547707557678223e-01
-1.358088403940200806e-01 3.999154567718505859e-01
-2.234499305486679077e-01 3.791096508502960205e-01
-2.784988582134246826e-01 3.230183124542236328e-01
-1.409912258386611938e-01 2.909826636314392090e-01
-8.530662953853607178e-02 2.897619009017944336e-01
-2.673704922199249268e-02 2.869843244552612305e-01
1.558583676815032959e-01 2.953496575355529785e-01
-8.546029217541217804e-03 3.209675252437591553e-01
-7.196731865406036377e-02 3.256829679012298584e-01
-1.343331187963485718e-01 3.294084370136260986e-01
