-6.869844198226928711e-01 -4.292986690998077393e-01 3.335058391094207764e-01 0.000000000000000000e+00
-6.599981784820556641e-01 -2.357022613286972046e-01 3.719573915004730225e-01 0.000000000000000000e+00
-6.217493414878845215e-01 -1.821929775178432465e-02 3.985275328159332275e-01 0.000000000000000000e+00
-5.954796671867370605e-01 1.730170696973800659e-01 3.437748849391937256e-01 0.000000000000000000e+00
-5.467679500579833984e-01 3.576569557189941406e-01 2.107467502355575562e-01 0.000000000000000000e+00
-4.725835919380187988e-01 5.199903845787048340e-01 6.305105984210968018e-03 1.000000000000000000e+00
-3.607056736946105957e-01 6.523925662040710449e-01 -1.585464328527450562e-01 1.000000000000000000e+00
-2.200179547071456909e-01 7.413315773010253906e-01 -3.369890153408050537e-01 1.000000000000000000e+00
-2.678933553397655487e-02 7.671801447868347168e-01 -4.022055566310882568e-01 1.000000000000000000e+00
1.393079161643981934e-01 7.127594947814941406e-01 -4.260964691638946533e-01 1.000000000000000000e+00
3.264846801757812500e-01 6.043729186058044434e-01 -3.296607434749603271e-01 1.000000000000000000e+00
4.761827290058135986e-01 4.573805630207061768e-01 -2.327578812837600708e-01 1.000000000000000000e+00
6.069550514221191406e-01 2.846533954143524170e-01 -8.255897462368011475e-02 1.000000000000000000e+00
6.816170215606689453e-01 9.309966117143630981e-02 1.741142570972442627e-02 1.000000000000000000e+00
7.155933976173400879e-01 -9.305830299854278564e-02 5.145694315433502197e-02 1.000000000000000000e+00
7.141709327697753906e-01 -3.106035888195037842e-01 7.655136287212371826e-03 1.000000000000000000e+00
7.101776003837585449e-01 -5.051118731498718262e-01 -3.456093370914459229e-02 1.000000000000000000e+00
-6.784083843231201172e-01 -4.841994643211364746e-01 -1.462086141109466553e-01 1.000000000000000000e+00
-6.428306698799133301e-01 -6.389760375022888184e-01 -3.335126936435699463e-01 1.000000000000000000e+00
-5.382130146026611328e-01 -6.662449836730957031e-01 -5.004299879074096680e-01 1.000000000000000000e+00
-4.075575768947601318e-01 -6.489310264587402344e-01 -6.012727618217468262e-01 1.000000000000000000e+00
-2.854140102863311768e-01 -6.098313927650451660e-01 -6.467852592468261719e-01 1.000000000000000000e+00
-9.933919459581375122e-02 -6.186113953590393066e-01 -6.979808807373046875e-01 1.000000000000000000e+00
2.342089638113975525e-02 -6.693837642669677734e-01 -7.202382087707519531e-01 1.000000000000000000e+00
1.827476918697357178e-01 -7.022126913070678711e-01 -6.925362944602966309e-01 1.000000000000000000e+00
3.511840403079986572e-01 -6.922174692153930664e-01 -5.894492268562316895e-01 1.000000000000000000e+00
4.816913902759552002e-01 -5.484712719917297363e-01 -4.459730982780456543e-01 1.000000000000000000e+00
-1.869815438985824585e-01 -4.693181812763214111e-01 -6.875661015510559082e-01 1.000000000000000000e+00
-2.003612667322158813e-01 -3.372955322265625000e-01 -7.632205486297607422e-01 1.000000000000000000e+00
-2.136103212833404541e-01 -2.278770655393600464e-01 -8.297266364097595215e-01 1.000000000000000000e+00
-2.210082262754440308e-01 -1.141750141978263855e-01 -8.823091983795166016e-01 1.000000000000000000e+00
-2.834231555461883545e-01 -3.721341490745544434e-04 -6.316524744033813477e-01 1.000000000000000000e+00
-2.317709624767303467e-01 1.656414568424224854e-02 -6.779593825340270996e-01 1.000000000000000000e+00
-1.768228560686111450e-01 3.453652560710906982e-02 -7.133045196533203125e-01 1.000000000000000000e+00
-1.143521964550018311e-01 1.215894706547260284e-02 -7.111411094665527344e-01 1.000000000000000000e+00
-4.985366761684417725e-02 -9.409374557435512543e-03 -6.942043304443359375e-01 1.000000000000000000e+00
-5.651873946189880371e-01 -4.060925543308258057e-01 -3.422120511531829834e-01 1.000000000000000000e+00
-5.042352080345153809e-01 -4.473384320735931396e-01 -4.575417637825012207e-01 1.000000000000000000e+00
-4.135769903659820557e-01 -4.508577287197113037e-01 -4.858580231666564941e-01 1.000000000000000000e+00
-3.170413076877593994e-01 -4.160081744194030762e-01 -4.757524728775024414e-01 1.000000000000000000e+00
-4.017857015132904053e-01 -3.800822198390960693e-01 -4.685065746307373047e-01 1.000000000000000000e+00
-4.885931313037872314e-01 -3.701761066913604736e-01 -4.353816211223602295e-01 1.000000000000000000e+00
2.163589373230934143e-02 -4.322448074817657471e-01 -5.696473121643066406e-01 1.000000000000000000e+00
9.861783683300018311e-02 -4.744049310684204102e-01 -6.242021918296813965e-01 1.000000000000000000e+00
1.918041557073593140e-01 -4.805627167224884033e-01 -6.431197524070739746e-01 1.000000000000000000e+00
3.022743761539459229e-01 -4.490270018577575684e-01 -5.690948963165283203e-01 1.000000000000000000e+00
1.940931230783462524e-01 -4.032086730003356934e-01 -6.165116429328918457e-01 1.000000000000000000e+00
1.020661592483520508e-01 -4.042325317859649658e-01 -6.039983034133911133e-01 1.000000000000000000e+00
-3.304243087768554688e-01 3.096243441104888916e-01 -4.838027954101562500e-01 1.000000000000000000e+00
-2.977908253669738770e-01 2.382611781358718872e-01 -6.094437241554260254e-01 1.000000000000000000e+00
-2.214070707559585571e-01 2.053115218877792358e-01 -6.897884011268615723e-01 1.000000000000000000e+00
-1.661764383316040039e-01 2.080768793821334839e-01 -7.120358943939208984e-01 1.000000000000000000e+00
-1.066920086741447449e-01 2.010110616683959961e-01 -7.212423682212829590e-01 1.000000000000000000e+00
2.938441932201385498e-03 2.256539016962051392e-01 -6.875745654106140137e-01 1.000000000000000000e+00
1.062751039862632751e-01 2.831618487834930420e-01 -5.982423424720764160e-01 1.000000000000000000e+00
3.808255121111869812e-02 3.487007617950439453e-01 -6.348237991333007812e-01 1.000000000000000000e+00
-6.100677326321601868e-02 3.815164864063262939e-01 -6.599448323249816895e-01 1.000000000000000000e+00
-1.249779835343360901e-01 3.924756646156311035e-01 -6.470232605934143066e-01 1.000000000000000000e+00
-1.891654878854751587e-01 3.890919983386993408e-01 -6.245084404945373535e-01 1.000000000000000000e+00
-2.714694142341613770e-01 3.694670200347900391e-01 -5.562124848365783691e-01 1.000000000000000000e+00
-3.238427639007568359e-01 3.086026608943939209e-01 -4.809696078300476074e-01 1.000000000000000000e+00
-2.021303474903106689e-01 2.670803666114807129e-01 -6.271953582763671875e-01 1.000000000000000000e+00
-1.465446203947067261e-01 2.634140551090240479e-01 -6.501188278198242188e-01 1.000000000000000000e+00
-8.635091036558151245e-02 2.652386128902435303e-01 -6.569378972053527832e-01 1.000000000000000000e+00
1.040314435958862305e-01 2.824126780033111572e-01 -5.974146127700805664e-01 1.000000000000000000e+00
-6.361848860979080200e-02 3.117171227931976318e-01 -6.413583755493164062e-01 1.000000000000000000e+00
-1.248063147068023682e-01 3.162512481212615967e-01 -6.290064454078674316e-01 1.000000000000000000e+00
-1.865907311439514160e-01 3.199642300605773926e-01 -6.091845035552978516e-01 1.000000000000000000e+00
