-6.874801516532897949e-01 -3.800167441368103027e-01
-6.914352178573608398e-01 -2.001985609531402588e-01
-6.552156209945678711e-01 -1.893967948853969574e-02
-6.286767721176147461e-01 1.393035352230072021e-01
-5.810863971710205078e-01 3.018749356269836426e-01
-5.095654726028442383e-01 4.574409425258636475e-01
-4.006569981575012207e-01 6.097841262817382812e-01
-2.305853962898254395e-01 7.365792989730834961e-01
-5.618621408939361572e-02 7.613838315010070801e-01
1.393124908208847046e-01 7.115106582641601562e-01
3.290711045265197754e-01 6.020959019660949707e-01
4.779414236545562744e-01 4.510377943515777588e-01
6.056754589080810547e-01 2.769684195518493652e-01
6.822500228881835938e-01 8.167370408773422241e-02
7.068983912467956543e-01 -1.070553511381149292e-01
7.069020271301269531e-01 -3.103934526443481445e-01
7.050483226776123047e-01 -5.078143477439880371e-01
-6.784083843231201172e-01 -4.841994643211364746e-01
-6.428306698799133301e-01 -6.389760375022888184e-01
-5.382130146026611328e-01 -6.662449836730957031e-01
-4.075575768947601318e-01 -6.489310264587402344e-01
-2.854140102863311768e-01 -6.098313927650451660e-01
-9.933919459581375122e-02 -6.186113953590393066e-01
2.342089638113975525e-02 -6.693837642669677734e-01
1.827476918697357178e-01 -7.022126913070678711e-01
3.511840403079986572e-01 -6.922174692153930664e-01
4.816913902759552002e-01 -5.484712719917297363e-01
-1.869815438985824585e-01 -4.693181812763214111e-01
-2.003612667322158813e-01 -3.372955322265625000e-01
-2.136103212833404541e-01 -2.278770655393600464e-01
-2.210082262754440308e-01 -1.141750141978263855e-01
-2.834231555461883545e-01 -3.721341490745544434e-04
-2.317709624767303467e-01 1.656414568424224854e-02
-1.768228560686111450e-01 3.453652560710906982e-02
-1.143521964550018311e-01 1.215894706547260284e-02
-4.985366761684417725e-02 -9.409374557435512543e-03
-5.651873946189880371e-01 -4.060925543308258057e-01
-5.042352080345153809e-01 -4.473384320735931396e-01
-4.135769903659820557e-01 -4.508577287197113037e-01
-3.170413076877593994e-01 -4.160081744194030762e-01
-4.017857015132904053e-01 -3.800822198390960693e-01
-4.885931313037872314e-01 -3.701761066913604736e-01
2.163589373230934143e-02 -4.322448074817657471e-01
9.861783683300018311e-02 -4.744049310684204102e-01
1.918041557073593140e-01 -4.805627167224884033e-01
3.022743761539459229e-01 -4.490270018577575684e-01
1.940931230783462524e-01 -4.032086730003356934e-01
1.020661592483520508e-01 -4.042325317859649658e-01
-3.304243087768554688e-01 3.096243441104888916e-01
-2.977908253669738770e-01 2.382611781358718872e-01
-2.214070707559585571e-01 2.053115218877792358e-01
-1.661764383316040039e-01 2.080768793821334839e-01
-1.066920086741447449e-01 2.010110616683959961e-01
2.938441932201385498e-03 2.256539016962051392e-01
1.062751039862632751e-01 2.831618487834930420e-01
3.808255121111869812e-02 3.487007617950439453e-01
-6.100677326321601868e-02 3.815164864063262939e-01
-1.249779835343360901e-01 3.924756646156311035e-01
-1.891654878854751587e-01 3.890919983386993408e-01
-2.714694142341613770e-01 3.694670200347900391e-01
-3.238427639007568359e-01 3.086026608943939209e-01
-2.021303474903106689e-01 2.670803666114807129e-01
-1.465446203947067261e-01 2.634140551090240479e-01
-8.635091036558151245e-02 2.652386128902435303e-01
1.040314435958862305e-01 2.824126780033111572e-01
-6.361848860979080200e-02 3.117171227931976318e-01
-1.248063147068023682e-01 3.162512481212615967e-01
-1.865907311439514160e-01 3.199642300605773926e-01
