-6.868758201599121094e-01 -4.298264086246490479e-01 3.326026201248168945e-01 0.000000000000000000e+00
-6.600304245948791504e-01 -2.364102751016616821e-01 3.710370063781738281e-01 0.000000000000000000e+00
-6.221709251403808594e-01 -1.930752769112586975e-02 3.975670635700225830e-01 0.000000000000000000e+00
-5.964211821556091309e-01 1.715291887521743774e-01 3.428455293178558350e-01 0.000000000000000000e+00
-5.485143661499023438e-01 3.560076653957366943e-01 2.099300026893615723e-01 0.000000000000000000e+00
-4.754609465599060059e-01 5.183438658714294434e-01 5.566095467656850815e-03 1.000000000000000000e+00
-3.649669885635375977e-01 6.513125300407409668e-01 -1.585640311241149902e-01 1.000000000000000000e+00
-2.256084382534027100e-01 7.421206235885620117e-01 -3.356898725032806396e-01 1.000000000000000000e+00
-3.211626037955284119e-02 7.701949477195739746e-01 -3.998973965644836426e-01 1.000000000000000000e+00
1.348809599876403809e-01 7.164662480354309082e-01 -4.239270389080047607e-01 1.000000000000000000e+00
3.230178058147430420e-01 6.080582141876220703e-01 -3.281141519546508789e-01 1.000000000000000000e+00
4.738822579383850098e-01 4.606435298919677734e-01 -2.317315638065338135e-01 1.000000000000000000e+00
6.057616472244262695e-01 2.870287001132965088e-01 -8.182922750711441040e-02 1.000000000000000000e+00
6.809129118919372559e-01 9.465901553630828857e-02 1.783984713256359100e-02 1.000000000000000000e+00
7.153959870338439941e-01 -9.189987927675247192e-02 5.137803778052330017e-02 1.000000000000000000e+00
7.142425775527954102e-01 -3.098568916320800781e-01 7.258401717990636826e-03 1.000000000000000000e+00
7.103148102760314941e-01 -5.045608282089233398e-01 -3.510212153196334839e-02 1.000000000000000000e+00
-6.784649491310119629e-01 -4.852619171142578125e-01 -1.465575546026229858e-01 1.000000000000000000e+00
-6.432958841323852539e-01 -6.418033838272094727e-01 -3.332568407058715820e-01 1.000000000000000000e+00
-5.392399430274963379e-01 -6.688292622566223145e-01 -5.005849003791809082e-01 1.000000000000000000e+00
-4.084303379058837891e-01 -6.505197286605834961e-01 -6.016014218330383301e-01 1.000000000000000000e+00
-2.859587073326110840e-01 -6.105387210845947266e-01 -6.473229527473449707e-01 1.000000000000000000e+00
-9.913982450962066650e-02 -6.189592480659484863e-01 -6.985494494438171387e-01 1.000000000000000000e+00
2.382636629045009613e-02 -6.704632639884948730e-01 -7.209404110908508301e-01 1.000000000000000000e+00
1.834480464458465576e-01 -7.045909762382507324e-01 -6.931501030921936035e-01 1.000000000000000000e+00
3.518130183219909668e-01 -6.947266459465026855e-01 -5.894343256950378418e-01 1.000000000000000000e+00
4.819103479385375977e-01 -5.490598082542419434e-01 -4.461892247200012207e-01 1.000000000000000000e+00
-1.869113892316818237e-01 -4.690080583095550537e-01 -6.877977252006530762e-01 1.000000000000000000e+00
-2.004280537366867065e-01 -3.366962969303131104e-01 -7.637128233909606934e-01 1.000000000000000000e+00
-2.136382311582565308e-01 -2.269678711891174316e-01 -8.301939368247985840e-01 1.000000000000000000e+00
-2.209582179784774780e-01 -1.129399091005325317e-01 -8.825011849403381348e-01 1.000000000000000000e+00
-2.829840183258056641e-01 1.120102591812610626e-03 -6.323705911636352539e-01 1.000000000000000000e+00
-2.316521853208541870e-01 1.781290955841541290e-02 -6.785300970077514648e-01 1.000000000000000000e+00
-1.769228577613830566e-01 3.552829846739768982e-02 -7.139002680778503418e-01 1.000000000000000000e+00
-1.146118268370628357e-01 1.347940415143966675e-02 -7.115857005119323730e-01 1.000000000000000000e+00
-5.041129887104034424e-02 -7.785839028656482697e-03 -6.945915818214416504e-01 1.000000000000000000e+00
-5.652104020118713379e-01 -4.070224165916442871e-01 -3.422342538833618164e-01 1.000000000000000000e+00
-5.047845244407653809e-01 -4.512921571731567383e-01 -4.581744372844696045e-01 1.000000000000000000e+00
-4.134159386157989502e-01 -4.543101191520690918e-01 -4.869664311408996582e-01 1.000000000000000000e+00
-3.167591094970703125e-01 -4.164212942123413086e-01 -4.761495590209960938e-01 1.000000000000000000e+00
-4.012220501899719238e-01 -3.799391984939575195e-01 -4.685779809951782227e-01 1.000000000000000000e+00
-4.880489706993103027e-01 -3.701901435852050781e-01 -4.353125095367431641e-01 1.000000000000000000e+00
2.130330726504325867e-02 -4.327849149703979492e-01 -5.698681473731994629e-01 1.000000000000000000e+00
9.786129742860794067e-02 -4.775951802730560303e-01 -6.249588727951049805e-01 1.000000000000000000e+00
1.916723102331161499e-01 -4.842613041400909424e-01 -6.439415812492370605e-01 1.000000000000000000e+00
3.022857010364532471e-01 -4.498868882656097412e-01 -5.691452026367187500e-01 1.000000000000000000e+00
1.938639283180236816e-01 -4.033003747463226318e-01 -6.163672804832458496e-01 1.000000000000000000e+00
1.017591655254364014e-01 -4.042381048202514648e-01 -6.040279865264892578e-01 1.000000000000000000e+00
-3.303173482418060303e-01 3.125393390655517578e-01 -4.883773922920227051e-01 1.000000000000000000e+00
-2.980428934097290039e-01 2.402160018682479858e-01 -6.133707761764526367e-01 1.000000000000000000e+00
-2.222050130367279053e-01 2.059607207775115967e-01 -6.929463744163513184e-01 1.000000000000000000e+00
-1.671634465456008911e-01 2.084386050701141357e-01 -7.152171730995178223e-01 1.000000000000000000e+00
-1.078378334641456604e-01 2.017526179552078247e-01 -7.244018912315368652e-01 1.000000000000000000e+00
9.924676269292831421e-04 2.281081974506378174e-01 -6.911561489105224609e-01 1.000000000000000000e+00
1.025462746620178223e-01 2.888860702514648438e-01 -6.014481186866760254e-01 1.000000000000000000e+00
3.529550135135650635e-02 3.543151021003723145e-01 -6.367506980895996094e-01 1.000000000000000000e+00
-6.297610700130462646e-02 3.870826661586761475e-01 -6.609176397323608398e-01 1.000000000000000000e+00
-1.266767680644989014e-01 3.976079523563385010e-01 -6.480750441551208496e-01 1.000000000000000000e+00
-1.907682418823242188e-01 3.934959173202514648e-01 -6.262305378913879395e-01 1.000000000000000000e+00
-2.728456854820251465e-01 3.723241388797760010e-01 -5.596749782562255859e-01 1.000000000000000000e+00
-3.236634731292724609e-01 3.114374577999114990e-01 -4.854933619499206543e-01 1.000000000000000000e+00
-2.027454078197479248e-01 2.684694826602935791e-01 -6.309049129486083984e-01 1.000000000000000000e+00
-1.477380990982055664e-01 2.646478414535522461e-01 -6.537202000617980957e-01 1.000000000000000000e+00
-8.815007656812667847e-02 2.669032812118530273e-01 -6.602607369422912598e-01 1.000000000000000000e+00
1.002752780914306641e-01 2.880738079547882080e-01 -6.005859971046447754e-01 1.000000000000000000e+00
-6.534668803215026855e-02 3.173901438713073730e-01 -6.433948874473571777e-01 1.000000000000000000e+00
-1.261270940303802490e-01 3.215702772140502930e-01 -6.309923529624938965e-01 1.000000000000000000e+00
-1.874244958162307739e-01 3.243868947029113770e-01 -6.118572950363159180e-01 1.000000000000000000e+00
