-6.871967315673828125e-01 -3.805198967456817627e-01
-6.909807920455932617e-01 -2.002806514501571655e-01
-6.544643044471740723e-01 -1.961785927414894104e-02
-6.281598210334777832e-01 1.377927213907241821e-01
-5.813073515892028809e-01 3.000862896442413330e-01
-5.113631486892700195e-01 4.556757509708404541e-01
-4.044289588928222656e-01 6.084856986999511719e-01
-2.361155301332473755e-01 7.373372316360473633e-01
-6.152372434735298157e-02 7.643675208091735840e-01
1.348850876092910767e-01 7.152392268180847168e-01
3.256206214427947998e-01 6.057863831520080566e-01
4.756371974945068359e-01 4.543349146842956543e-01
6.044722795486450195e-01 2.794338464736938477e-01
6.815924048423767090e-01 8.325126022100448608e-02
7.067371010780334473e-01 -1.057973206043243408e-01
7.070090174674987793e-01 -3.095710277557373047e-01
7.051955461502075195e-01 -5.072482824325561523e-01
-6.784649491310119629e-01 -4.852619171142578125e-01
-6.432958841323852539e-01 -6.418033838272094727e-01
-5.392399430274963379e-01 -6.688292622566223145e-01
-4.084303379058837891e-01 -6.505197286605834961e-01
-2.859587073326110840e-01 -6.105387210845947266e-01
-9.913982450962066650e-02 -6.189592480659484863e-01
2.382636629045009613e-02 -6.704632639884948730e-01
1.834480464458465576e-01 -7.045909762382507324e-01
3.518130183219909668e-01 -6.947266459465026855e-01
4.819103479385375977e-01 -5.490598082542419434e-01
-1.869113892316818237e-01 -4.690080583095550537e-01
-2.004280537366867065e-01 -3.366962969303131104e-01
-2.136382311582565308e-01 -2.269678711891174316e-01
-2.209582179784774780e-01 -1.129399091005325317e-01
-2.829840183258056641e-01 1.120102591812610626e-03
-2.316521853208541870e-01 1.781290955841541290e-02
-1.769228577613830566e-01 3.552829846739768982e-02
-1.146118268370628357e-01 1.347940415143966675e-02
-5.041129887104034424e-02 -7.785839028656482697e-03
-5.652104020118713379e-01 -4.070224165916442871e-01
-5.047845244407653809e-01 -4.512921571731567383e-01
-4.134159386157989502e-01 -4.543101191520690918e-01
-3.167591094970703125e-01 -4.164212942123413086e-01
-4.012220501899719238e-01 -3.799391984939575195e-01
-4.880489706993103027e-01 -3.701901435852050781e-01
2.130330726504325867e-02 -4.327849149703979492e-01
9.786129742860794067e-02 -4.775951802730560303e-01
1.916723102331161499e-01 -4.842613041400909424e-01
3.022857010364532471e-01 -4.498868882656097412e-01
1.938639283180236816e-01 -4.033003747463226318e-01
1.017591655254364014e-01 -4.042381048202514648e-01
-3.303173482418060303e-01 3.125393390655517578e-01
-2.980428934097290039e-01 2.402160018682479858e-01
-2.222050130367279053e-01 2.059607207775115967e-01
-1.671634465456008911e-01 2.084386050701141357e-01
-1.078378334641456604e-01 2.017526179552078247e-01
9.924676269292831421e-04 2.281081974506378174e-01
1.025462746620178223e-01 2.888860702514648438e-01
3.529550135135650635e-02 3.543151021003723145e-01
-6.297610700130462646e-02 3.870826661586761475e-01
-1.266767680644989014e-01 3.976079523563385010e-01
-1.907682418823242188e-01 3.934959173202514648e-01
-2.728456854820251465e-01 3.723241388797760010e-01
-3.236634731292724609e-01 3.114374577999114990e-01
-2.027454078197479248e-01 2.684694826602935791e-01
-1.477380990982055664e-01 2.646478414535522461e-01
-8.815007656812667847e-02 2.669032812118530273e-01
1.002752780914306641e-01 2.880738079547882080e-01
-6.534668803215026855e-02 3.173901438713073730e-01
-1.261270940303802490e-01 3.215702772140502930e-01
-1.874244958162307739e-01 3.243868947029113770e-01
