-7.079504132270812988e-01 -3.797763884067535400e-01
-7.001277804374694824e-01 -1.817770451307296753e-01
-6.629481315612792969e-01 4.021286440547555685e-05
-6.239023804664611816e-01 1.499596387147903442e-01
-5.674739480018615723e-01 3.118002712726593018e-01
-4.844154417514801025e-01 4.614755809307098389e-01
-3.576691150665283203e-01 6.016237139701843262e-01
-1.883924603462219238e-01 7.141848802566528320e-01
-1.945789530873298645e-02 7.437937855720520020e-01
1.583101749420166016e-01 6.990660429000854492e-01
3.347826898097991943e-01 5.958244204521179199e-01
4.774077236652374268e-01 4.564046859741210938e-01
5.804910659790039062e-01 2.891349196434020996e-01
6.485878229141235352e-01 9.393444657325744629e-02
6.873587965965270996e-01 -9.407680481672286987e-02
7.040789127349853516e-01 -2.915421426296234131e-01
7.178418040275573730e-01 -4.838624298572540283e-01
-6.736319065093994141e-01 -4.800693392753601074e-01
-6.213796138763427734e-01 -6.484916806221008301e-01
-5.016213059425354004e-01 -6.776924133300781250e-01
-3.579275906085968018e-01 -6.543385982513427734e-01
-2.288757115602493286e-01 -6.045858263969421387e-01
-2.629906125366687775e-02 -6.119555830955505371e-01
1.038343086838722229e-01 -6.712368130683898926e-01
2.669569253921508789e-01 -7.086773514747619629e-01
4.302822351455688477e-01 -6.947408914566040039e-01
5.439958572387695312e-01 -5.348704457283020020e-01
-1.218202486634254456e-01 -4.384166896343231201e-01
-1.270072758197784424e-01 -2.978669106960296631e-01
-1.340970993041992188e-01 -1.880466789007186890e-01
-1.369357407093048096e-01 -7.553587108850479126e-02
-2.203033715486526489e-01 4.854525625705718994e-02
-1.660917401313781738e-01 6.318660080432891846e-02
-1.079030409455299377e-01 7.946175336837768555e-02
-4.554742947220802307e-02 5.945146456360816956e-02
1.567182689905166626e-02 3.994072601199150085e-02
-5.536043047904968262e-01 -3.935474455356597900e-01
-4.818635582923889160e-01 -4.520576894283294678e-01
-3.849600255489349365e-01 -4.494615197181701660e-01
-2.917249500751495361e-01 -3.909479975700378418e-01
-3.733048737049102783e-01 -3.558312952518463135e-01
-4.657020866870880127e-01 -3.475881814956665039e-01
8.938831090927124023e-02 -4.057317674160003662e-01
1.689418107271194458e-01 -4.698304533958435059e-01
2.680833041667938232e-01 -4.818932116031646729e-01
3.762089908123016357e-01 -4.315674006938934326e-01
2.687989473342895508e-01 -3.774632215499877930e-01
1.724459528923034668e-01 -3.777009546756744385e-01
-2.809033989906311035e-01 3.322846889495849609e-01
-2.346571385860443115e-01 2.726786136627197266e-01
-1.539906561374664307e-01 2.418065816164016724e-01
-9.894824028015136719e-02 2.443434745073318481e-01
-4.096964001655578613e-02 2.378058135509490967e-01
6.071421131491661072e-02 2.612057626247406006e-01
1.548110991716384888e-01 3.102756738662719727e-01
9.335425496101379395e-02 3.712239265441894531e-01
-2.089118817821145058e-03 4.047362208366394043e-01
-6.694173067808151245e-02 4.159399271011352539e-01
-1.328658610582351685e-01 4.110326170921325684e-01
-2.199593335390090942e-01 3.875437378883361816e-01
-2.748365998268127441e-01 3.320362269878387451e-01
-1.410682052373886108e-01 3.012757897377014160e-01
-8.678221702575683594e-02 2.997182607650756836e-01
-2.930067479610443115e-02 2.979354858398437500e-01
1.523595750331878662e-01 3.096407651901245117e-01
-6.436671130359172821e-03 3.351650238037109375e-01
-6.907532364130020142e-02 3.394263684749603271e-01
-1.300310641527175903e-01 3.413933813571929932e-01
