-7.119367122650146484e-01 -4.203348457813262939e-01 2.590472400188446045e-01 1.000000000000000000e+00
-6.796592473983764648e-01 -2.289452552795410156e-01 2.934988439083099365e-01 1.000000000000000000e+00
-6.344762444496154785e-01 -1.529364846646785736e-02 3.202071487903594971e-01 0.000000000000000000e+00
-5.806107521057128906e-01 1.760339289903640747e-01 2.668086886405944824e-01 0.000000000000000000e+00
-5.256058573722839355e-01 3.605847060680389404e-01 1.457226723432540894e-01 0.000000000000000000e+00
-4.463526010513305664e-01 5.155179500579833984e-01 -3.700257837772369385e-02 1.000000000000000000e+00
-3.240597248077392578e-01 6.343931555747985840e-01 -1.711933314800262451e-01 1.000000000000000000e+00
-1.803288310766220093e-01 7.202499508857727051e-01 -3.281894624233245850e-01 1.000000000000000000e+00
1.863006735220551491e-03 7.493493556976318359e-01 -3.654290735721588135e-01 1.000000000000000000e+00
1.593535095453262329e-01 7.013863921165466309e-01 -3.766762316226959229e-01 1.000000000000000000e+00
3.289153575897216797e-01 6.035382747650146484e-01 -2.677938640117645264e-01 1.000000000000000000e+00
4.669413268566131592e-01 4.721194207668304443e-01 -1.766592264175415039e-01 1.000000000000000000e+00
5.755268335342407227e-01 3.075079619884490967e-01 -2.526413835585117340e-02 1.000000000000000000e+00
6.441883444786071777e-01 1.168537363409996033e-01 7.342985272407531738e-02 1.000000000000000000e+00
6.959887742996215820e-01 -7.289271056652069092e-02 1.040356680750846863e-01 1.000000000000000000e+00
7.118614315986633301e-01 -2.891704142093658447e-01 5.986994877457618713e-02 1.000000000000000000e+00
7.319729328155517578e-01 -4.826578199863433838e-01 2.162352018058300018e-02 1.000000000000000000e+00
-6.736319065093994141e-01 -4.800693392753601074e-01 -2.223046571016311646e-01 1.000000000000000000e+00
-6.213796138763427734e-01 -6.484916806221008301e-01 -4.036181867122650146e-01 1.000000000000000000e+00
-5.016213059425354004e-01 -6.776924133300781250e-01 -5.620258450508117676e-01 1.000000000000000000e+00
-3.579275906085968018e-01 -6.543385982513427734e-01 -6.529722213745117188e-01 1.000000000000000000e+00
-2.288757115602493286e-01 -6.045858263969421387e-01 -6.906198263168334961e-01 1.000000000000000000e+00
-2.629906125366687775e-02 -6.119555830955505371e-01 -7.236930131912231445e-01 1.000000000000000000e+00
1.038343086838722229e-01 -6.712368130683898926e-01 -7.303918600082397461e-01 1.000000000000000000e+00
2.669569253921508789e-01 -7.086773514747619629e-01 -6.856715679168701172e-01 1.000000000000000000e+00
4.302822351455688477e-01 -6.947408914566040039e-01 -5.673811435699462891e-01 1.000000000000000000e+00
5.439958572387695312e-01 -5.348704457283020020e-01 -4.130373299121856689e-01 1.000000000000000000e+00
-1.218202486634254456e-01 -4.384166896343231201e-01 -7.170152068138122559e-01 1.000000000000000000e+00
-1.270072758197784424e-01 -2.978669106960296631e-01 -7.895164489746093750e-01 1.000000000000000000e+00
-1.340970993041992188e-01 -1.880466789007186890e-01 -8.548768162727355957e-01 1.000000000000000000e+00
-1.369357407093048096e-01 -7.553587108850479126e-02 -9.041828513145446777e-01 1.000000000000000000e+00
-2.203033715486526489e-01 4.854525625705718994e-02 -6.727773547172546387e-01 1.000000000000000000e+00
-1.660917401313781738e-01 6.318660080432891846e-02 -7.098637819290161133e-01 1.000000000000000000e+00
-1.079030409455299377e-01 7.946175336837768555e-02 -7.381408214569091797e-01 1.000000000000000000e+00
-4.554742947220802307e-02 5.945146456360816956e-02 -7.294554710388183594e-01 1.000000000000000000e+00
1.567182689905166626e-02 3.994072601199150085e-02 -7.107467651367187500e-01 1.000000000000000000e+00
-5.536043047904968262e-01 -3.935474455356597900e-01 -4.188488125801086426e-01 1.000000000000000000e+00
-4.818635582923889160e-01 -4.520576894283294678e-01 -5.344255566596984863e-01 1.000000000000000000e+00
-3.849600255489349365e-01 -4.494615197181701660e-01 -5.584648251533508301e-01 1.000000000000000000e+00
-2.917249500751495361e-01 -3.909479975700378418e-01 -5.381540060043334961e-01 1.000000000000000000e+00
-3.733048737049102783e-01 -3.558312952518463135e-01 -5.327656865119934082e-01 1.000000000000000000e+00
-4.657020866870880127e-01 -3.475881814956665039e-01 -5.063523054122924805e-01 1.000000000000000000e+00
8.938831090927124023e-02 -4.057317674160003662e-01 -6.024886369705200195e-01 1.000000000000000000e+00
1.689418107271194458e-01 -4.698304533958435059e-01 -6.501651406288146973e-01 1.000000000000000000e+00
2.680833041667938232e-01 -4.818932116031646729e-01 -6.577394604682922363e-01 1.000000000000000000e+00
3.762089908123016357e-01 -4.315674006938934326e-01 -5.689768791198730469e-01 1.000000000000000000e+00
2.687989473342895508e-01 -3.774632215499877930e-01 -6.268013119697570801e-01 1.000000000000000000e+00
1.724459528923034668e-01 -3.777009546756744385e-01 -6.237637400627136230e-01 1.000000000000000000e+00
-2.809033989906311035e-01 3.322846889495849609e-01 -5.169821977615356445e-01 1.000000000000000000e+00
-2.346571385860443115e-01 2.726786136627197266e-01 -6.408660411834716797e-01 1.000000000000000000e+00
-1.539906561374664307e-01 2.418065816164016724e-01 -7.128251791000366211e-01 1.000000000000000000e+00
-9.894824028015136719e-02 2.443434745073318481e-01 -7.295920848846435547e-01 1.000000000000000000e+00
-4.096964001655578613e-02 2.378058135509490967e-01 -7.311059832572937012e-01 1.000000000000000000e+00
6.071421131491661072e-02 2.612057626247406006e-01 -6.858401894569396973e-01 1.000000000000000000e+00
1.548110991716384888e-01 3.102756738662719727e-01 -5.834552645683288574e-01 1.000000000000000000e+00
9.335425496101379395e-02 3.712239265441894531e-01 -6.267098188400268555e-01 1.000000000000000000e+00
-2.089118817821145058e-03 4.047362208366394043e-01 -6.631212830543518066e-01 1.000000000000000000e+00
-6.694173067808151245e-02 4.159399271011352539e-01 -6.577417254447937012e-01 1.000000000000000000e+00
-1.328658610582351685e-01 4.110326170921325684e-01 -6.425895094871520996e-01 1.000000000000000000e+00
-2.199593335390090942e-01 3.875437378883361816e-01 -5.818946957588195801e-01 1.000000000000000000e+00
-2.748365998268127441e-01 3.320362269878387451e-01 -5.139994621276855469e-01 1.000000000000000000e+00
-1.410682052373886108e-01 3.012757897377014160e-01 -6.508047580718994141e-01 1.000000000000000000e+00
-8.678221702575683594e-02 2.997182607650756836e-01 -6.686685085296630859e-01 1.000000000000000000e+00
-2.930067479610443115e-02 2.979354858398437500e-01 -6.665523052215576172e-01 1.000000000000000000e+00
1.523595750331878662e-01 3.096407651901245117e-01 -5.830974578857421875e-01 1.000000000000000000e+00
-6.436671130359172821e-03 3.351650238037109375e-01 -6.494893431663513184e-01 1.000000000000000000e+00
-6.907532364130020142e-02 3.394263684749603271e-01 -6.430006027221679688e-01 1.000000000000000000e+00
-1.300310641527175903e-01 3.413933813571929932e-01 -6.303917765617370605e-01 1.000000000000000000e+00
