-7.078894376754760742e-01 -3.797724545001983643e-01
-7.001370787620544434e-01 -1.818618029356002808e-01
-6.631082296371459961e-01 -1.452509895898401737e-04
-6.242521405220031738e-01 1.497924327850341797e-01
-5.681543946266174316e-01 3.115346133708953857e-01
-4.852899909019470215e-01 4.610722661018371582e-01
-3.586172461509704590e-01 6.008244752883911133e-01
-1.896443963050842285e-01 7.127815485000610352e-01
-2.091015875339508057e-02 7.423552274703979492e-01
1.569644212722778320e-01 6.982908248901367188e-01
3.339804112911224365e-01 5.956755280494689941e-01
4.771116971969604492e-01 4.566392302513122559e-01
5.802955031394958496e-01 2.894761562347412109e-01
6.483818292617797852e-01 9.429920464754104614e-02
6.872972249984741211e-01 -9.372785687446594238e-02
7.040821313858032227e-01 -2.912689745426177979e-01
7.178291678428649902e-01 -4.836653470993041992e-01
-6.736974716186523438e-01 -4.802320897579193115e-01
-6.214693784713745117e-01 -6.490442752838134766e-01
-5.017819404602050781e-01 -6.781547069549560547e-01
-3.581188917160034180e-01 -6.548141837120056152e-01
-2.290526181459426880e-01 -6.050198674201965332e-01
-2.633208036422729492e-02 -6.122605204582214355e-01
1.037485823035240173e-01 -6.715186834335327148e-01
2.668971717357635498e-01 -7.090235948562622070e-01
4.302864670753479004e-01 -6.951113939285278320e-01
5.440461635589599609e-01 -5.349137783050537109e-01
-1.217949166893959045e-01 -4.384275674819946289e-01
-1.269670128822326660e-01 -2.977758049964904785e-01
-1.340308934450149536e-01 -1.880373209714889526e-01
-1.368263959884643555e-01 -7.562960684299468994e-02
-2.202258557081222534e-01 4.874374717473983765e-02
-1.659935116767883301e-01 6.334188580513000488e-02
-1.077923029661178589e-01 7.965153455734252930e-02
-4.544148221611976624e-02 5.958815664052963257e-02
1.586166583001613617e-02 4.011880606412887573e-02
-5.536108016967773438e-01 -3.936064541339874268e-01
-4.819410145282745361e-01 -4.524497687816619873e-01
-3.849590420722961426e-01 -4.498159885406494141e-01
-2.917243242263793945e-01 -3.909443616867065430e-01
-3.732378780841827393e-01 -3.557719588279724121e-01
-4.656587541103363037e-01 -3.475615978240966797e-01
8.942095935344696045e-02 -4.059455692768096924e-01
1.690549105405807495e-01 -4.696112871170043945e-01
2.680738866329193115e-01 -4.815262258052825928e-01
3.761692345142364502e-01 -4.316349625587463379e-01
2.688440978527069092e-01 -3.777331709861755371e-01
1.724836081266403198e-01 -3.779890835285186768e-01
-2.819098830223083496e-01 3.314399123191833496e-01
-2.344775348901748657e-01 2.730284929275512695e-01
-1.534944325685501099e-01 2.426243871450424194e-01
-9.853882342576980591e-02 2.452704906463623047e-01
-4.067828506231307983e-02 2.386022657155990601e-01
6.112182140350341797e-02 2.614960372447967529e-01
1.554999500513076782e-01 3.096094131469726562e-01
9.302519261837005615e-02 3.694220781326293945e-01
-2.756663830950856209e-03 4.020913541316986084e-01
-6.764208525419235229e-02 4.131573736667633057e-01
-1.335472017526626587e-01 4.082623124122619629e-01
-2.207505255937576294e-01 3.855825662612915039e-01
-2.758567631244659424e-01 3.311063349246978760e-01
-1.408376395702362061e-01 3.019487261772155762e-01
-8.639792352914810181e-02 3.005408346652984619e-01
-2.875975146889686584e-02 2.985443472862243652e-01
1.530391573905944824e-01 3.089739382266998291e-01
-6.898607593029737473e-03 3.326771855354309082e-01
-6.971342861652374268e-02 3.366952240467071533e-01
-1.308644860982894897e-01 3.387723565101623535e-01
