-7.118953466415405273e-01 -4.203729331493377686e-01 2.590392827987670898e-01 1.000000000000000000e+00
-6.796550154685974121e-01 -2.290147244930267334e-01 2.935015559196472168e-01 1.000000000000000000e+00
-6.345392465591430664e-01 -1.543556805700063705e-02 3.202112913131713867e-01 0.000000000000000000e+00
-5.807092189788818359e-01 1.758281737565994263e-01 2.668006122112274170e-01 0.000000000000000000e+00
-5.259262323379516602e-01 3.602411150932312012e-01 1.457423567771911621e-01 0.000000000000000000e+00
-4.470191001892089844e-01 5.149751305580139160e-01 -3.688218072056770325e-02 1.000000000000000000e+00
-3.248839378356933594e-01 6.334739923477172852e-01 -1.711768507957458496e-01 1.000000000000000000e+00
-1.815673261880874634e-01 7.189118266105651855e-01 -3.287167251110076904e-01 1.000000000000000000e+00
3.981149347964674234e-04 7.480525970458984375e-01 -3.660293817520141602e-01 1.000000000000000000e+00
1.579954475164413452e-01 7.006315588951110840e-01 -3.771236836910247803e-01 1.000000000000000000e+00
3.280597925186157227e-01 6.033595800399780273e-01 -2.676494121551513672e-01 1.000000000000000000e+00
4.665840268135070801e-01 4.723271727561950684e-01 -1.764578074216842651e-01 1.000000000000000000e+00
5.751997232437133789e-01 3.078062534332275391e-01 -2.514905296266078949e-02 1.000000000000000000e+00
6.439706087112426758e-01 1.171955838799476624e-01 7.351498305797576904e-02 1.000000000000000000e+00
6.959030628204345703e-01 -7.255718111991882324e-02 1.040400192141532898e-01 1.000000000000000000e+00
7.118602395057678223e-01 -2.889072895050048828e-01 5.986102297902107239e-02 1.000000000000000000e+00
7.319912910461425781e-01 -4.824356734752655029e-01 2.159936353564262390e-02 1.000000000000000000e+00
-6.736974716186523438e-01 -4.802320897579193115e-01 -2.222548127174377441e-01 1.000000000000000000e+00
-6.214693784713745117e-01 -6.490442752838134766e-01 -4.034172594547271729e-01 1.000000000000000000e+00
-5.017819404602050781e-01 -6.781547069549560547e-01 -5.618644952774047852e-01 1.000000000000000000e+00
-3.581188917160034180e-01 -6.548141837120056152e-01 -6.529211997985839844e-01 1.000000000000000000e+00
-2.290526181459426880e-01 -6.050198674201965332e-01 -6.905839443206787109e-01 1.000000000000000000e+00
-2.633208036422729492e-02 -6.122605204582214355e-01 -7.236425280570983887e-01 1.000000000000000000e+00
1.037485823035240173e-01 -6.715186834335327148e-01 -7.303657531738281250e-01 1.000000000000000000e+00
2.668971717357635498e-01 -7.090235948562622070e-01 -6.856586337089538574e-01 1.000000000000000000e+00
4.302864670753479004e-01 -6.951113939285278320e-01 -5.673831105232238770e-01 1.000000000000000000e+00
5.440461635589599609e-01 -5.349137783050537109e-01 -4.130984246730804443e-01 1.000000000000000000e+00
-1.217949166893959045e-01 -4.384275674819946289e-01 -7.168537974357604980e-01 1.000000000000000000e+00
-1.269670128822326660e-01 -2.977758049964904785e-01 -7.895161509513854980e-01 1.000000000000000000e+00
-1.340308934450149536e-01 -1.880373209714889526e-01 -8.548827171325683594e-01 1.000000000000000000e+00
-1.368263959884643555e-01 -7.562960684299468994e-02 -9.042985439300537109e-01 1.000000000000000000e+00
-2.202258557081222534e-01 4.874374717473983765e-02 -6.729042530059814453e-01 1.000000000000000000e+00
-1.659935116767883301e-01 6.334188580513000488e-02 -7.100157141685485840e-01 1.000000000000000000e+00
-1.077923029661178589e-01 7.965153455734252930e-02 -7.382241487503051758e-01 1.000000000000000000e+00
-4.544148221611976624e-02 5.958815664052963257e-02 -7.295601963996887207e-01 1.000000000000000000e+00
1.586166583001613617e-02 4.011880606412887573e-02 -7.108334898948669434e-01 1.000000000000000000e+00
-5.536108016967773438e-01 -3.936064541339874268e-01 -4.189460873603820801e-01 1.000000000000000000e+00
-4.819410145282745361e-01 -4.524497687816619873e-01 -5.345824956893920898e-01 1.000000000000000000e+00
-3.849590420722961426e-01 -4.498159885406494141e-01 -5.586823821067810059e-01 1.000000000000000000e+00
-2.917243242263793945e-01 -3.909443616867065430e-01 -5.382835865020751953e-01 1.000000000000000000e+00
-3.732378780841827393e-01 -3.557719588279724121e-01 -5.328382253646850586e-01 1.000000000000000000e+00
-4.656587541103363037e-01 -3.475615978240966797e-01 -5.064074397087097168e-01 1.000000000000000000e+00
8.942095935344696045e-02 -4.059455692768096924e-01 -6.024820804595947266e-01 1.000000000000000000e+00
1.690549105405807495e-01 -4.696112871170043945e-01 -6.500602364540100098e-01 1.000000000000000000e+00
2.680738866329193115e-01 -4.815262258052825928e-01 -6.576490402221679688e-01 1.000000000000000000e+00
3.761692345142364502e-01 -4.316349625587463379e-01 -5.689935684204101562e-01 1.000000000000000000e+00
2.688440978527069092e-01 -3.777331709861755371e-01 -6.268521547317504883e-01 1.000000000000000000e+00
1.724836081266403198e-01 -3.779890835285186768e-01 -6.238140463829040527e-01 1.000000000000000000e+00
-2.819098830223083496e-01 3.314399123191833496e-01 -5.162077546119689941e-01 1.000000000000000000e+00
-2.344775348901748657e-01 2.730284929275512695e-01 -6.397825479507446289e-01 1.000000000000000000e+00
-1.534944325685501099e-01 2.426243871450424194e-01 -7.116716504096984863e-01 1.000000000000000000e+00
-9.853882342576980591e-02 2.452704906463623047e-01 -7.283404469490051270e-01 1.000000000000000000e+00
-4.067828506231307983e-02 2.386022657155990601e-01 -7.298279404640197754e-01 1.000000000000000000e+00
6.112182140350341797e-02 2.614960372447967529e-01 -6.845771074295043945e-01 1.000000000000000000e+00
1.554999500513076782e-01 3.096094131469726562e-01 -5.825459361076354980e-01 1.000000000000000000e+00
9.302519261837005615e-02 3.694220781326293945e-01 -6.262940168380737305e-01 1.000000000000000000e+00
-2.756663830950856209e-03 4.020913541316986084e-01 -6.631606221199035645e-01 1.000000000000000000e+00
-6.764208525419235229e-02 4.131573736667633057e-01 -6.579336524009704590e-01 1.000000000000000000e+00
-1.335472017526626587e-01 4.082623124122619629e-01 -6.427313685417175293e-01 1.000000000000000000e+00
-2.207505255937576294e-01 3.855825662612915039e-01 -5.816395282745361328e-01 1.000000000000000000e+00
-2.758567631244659424e-01 3.311063349246978760e-01 -5.133220553398132324e-01 1.000000000000000000e+00
-1.408376395702362061e-01 3.019487261772155762e-01 -6.498451232910156250e-01 1.000000000000000000e+00
-8.639792352914810181e-02 3.005408346652984619e-01 -6.677674055099487305e-01 1.000000000000000000e+00
-2.875975146889686584e-02 2.985443472862243652e-01 -6.656230688095092773e-01 1.000000000000000000e+00
1.530391573905944824e-01 3.089739382266998291e-01 -5.822073817253112793e-01 1.000000000000000000e+00
-6.898607593029737473e-03 3.326771855354309082e-01 -6.498025655746459961e-01 1.000000000000000000e+00
-6.971342861652374268e-02 3.366952240467071533e-01 -6.434232592582702637e-01 1.000000000000000000e+00
-1.308644860982894897e-01 3.387723565101623535e-01 -6.307262182235717773e-01 1.000000000000000000e+00
