-6.869470477104187012e-01 -4.302937090396881104e-01 3.300439119338989258e-01 0.000000000000000000e+00
-6.602461338043212891e-01 -2.371644079685211182e-01 3.684403598308563232e-01 0.000000000000000000e+00
-6.229055523872375488e-01 -2.059933543205261230e-02 3.948434293270111084e-01 0.000000000000000000e+00
-5.982911586761474609e-01 1.699518114328384399e-01 3.401247560977935791e-01 0.000000000000000000e+00
-5.515599846839904785e-01 3.549413084983825684e-01 2.074762582778930664e-01 0.000000000000000000e+00
-4.795916378498077393e-01 5.180848836898803711e-01 3.163377288728952408e-03 1.000000000000000000e+00
-3.702280223369598389e-01 6.532300114631652832e-01 -1.590682864189147949e-01 1.000000000000000000e+00
-2.313577532768249512e-01 7.478094696998596191e-01 -3.336555361747741699e-01 1.000000000000000000e+00
-3.663255646824836731e-02 7.787816524505615234e-01 -3.961595594882965088e-01 1.000000000000000000e+00
1.319203078746795654e-01 7.255489230155944824e-01 -4.203955829143524170e-01 1.000000000000000000e+00
3.206739723682403564e-01 6.161847710609436035e-01 -3.262214958667755127e-01 1.000000000000000000e+00
4.721887707710266113e-01 4.669092297554016113e-01 -2.313968539237976074e-01 1.000000000000000000e+00
6.052080988883972168e-01 2.913266718387603760e-01 -8.197369426488876343e-02 1.000000000000000000e+00
6.804188489913940430e-01 9.699553251266479492e-02 1.729758456349372864e-02 1.000000000000000000e+00
7.151696085929870605e-01 -9.042867273092269897e-02 5.050723254680633545e-02 1.000000000000000000e+00
7.143033146858215332e-01 -3.088931441307067871e-01 5.774696357548236847e-03 1.000000000000000000e+00
7.104016542434692383e-01 -5.037750601768493652e-01 -3.687691316008567810e-02 1.000000000000000000e+00
-6.788225173950195312e-01 -4.860779345035552979e-01 -1.482023298740386963e-01 1.000000000000000000e+00
-6.442538499832153320e-01 -6.452916264533996582e-01 -3.337570726871490479e-01 1.000000000000000000e+00
-5.414194464683532715e-01 -6.719655394554138184e-01 -5.020092129707336426e-01 1.000000000000000000e+00
-4.106519520282745361e-01 -6.527845263481140137e-01 -6.035718917846679688e-01 1.000000000000000000e+00
-2.874163985252380371e-01 -6.112070083618164062e-01 -6.495434045791625977e-01 1.000000000000000000e+00
-9.889547526836395264e-02 -6.187722682952880859e-01 -7.010162472724914551e-01 1.000000000000000000e+00
2.474074810743331909e-02 -6.714521050453186035e-01 -7.241083383560180664e-01 1.000000000000000000e+00
1.848552078008651733e-01 -7.074078321456909180e-01 -6.952129602432250977e-01 1.000000000000000000e+00
3.530440032482147217e-01 -6.976016759872436523e-01 -5.901986360549926758e-01 1.000000000000000000e+00
4.821865856647491455e-01 -5.486367344856262207e-01 -4.474757611751556396e-01 1.000000000000000000e+00
-1.869658678770065308e-01 -4.673304557800292969e-01 -6.889008283615112305e-01 1.000000000000000000e+00
-2.008242607116699219e-01 -3.341658413410186768e-01 -7.651107907295227051e-01 1.000000000000000000e+00
-2.139852344989776611e-01 -2.232954055070877075e-01 -8.311802148818969727e-01 1.000000000000000000e+00
-2.209939360618591309e-01 -1.082207933068275452e-01 -8.828011155128479004e-01 1.000000000000000000e+00
-2.821841239929199219e-01 7.932377979159355164e-03 -6.335517764091491699e-01 1.000000000000000000e+00
-2.313377261161804199e-01 2.359128370881080627e-02 -6.792210340499877930e-01 1.000000000000000000e+00
-1.768554598093032837e-01 4.097406566143035889e-02 -7.145132422447204590e-01 1.000000000000000000e+00
-1.149201020598411560e-01 1.942263357341289520e-02 -7.118343114852905273e-01 1.000000000000000000e+00
-5.151367187500000000e-02 -7.619261741638183594e-04 -6.946930885314941406e-01 1.000000000000000000e+00
-5.667456984519958496e-01 -4.113148152828216553e-01 -3.423289954662322998e-01 1.000000000000000000e+00
-5.083195567131042480e-01 -4.672513902187347412e-01 -4.605060815811157227e-01 1.000000000000000000e+00
-4.141375720500946045e-01 -4.680451154708862305e-01 -4.911081194877624512e-01 1.000000000000000000e+00
-3.170472085475921631e-01 -4.182725250720977783e-01 -4.774727225303649902e-01 1.000000000000000000e+00
-4.003203213214874268e-01 -3.798016905784606934e-01 -4.686640202999114990e-01 1.000000000000000000e+00
-4.873252809047698975e-01 -3.707753419876098633e-01 -4.350450336933135986e-01 1.000000000000000000e+00
2.105124294757843018e-02 -4.346422851085662842e-01 -5.711699724197387695e-01 1.000000000000000000e+00
9.547395259141921997e-02 -4.913294613361358643e-01 -6.286421418190002441e-01 1.000000000000000000e+00
1.921861469745635986e-01 -5.005912780761718750e-01 -6.477643251419067383e-01 1.000000000000000000e+00
3.034517765045166016e-01 -4.538722932338714600e-01 -5.697852373123168945e-01 1.000000000000000000e+00
1.937909126281738281e-01 -4.035817980766296387e-01 -6.160215735435485840e-01 1.000000000000000000e+00
1.013215258717536926e-01 -4.039231240749359131e-01 -6.042132377624511719e-01 1.000000000000000000e+00
-3.290527164936065674e-01 3.192256689071655273e-01 -4.927549362182617188e-01 1.000000000000000000e+00
-2.972453534603118896e-01 2.480289191007614136e-01 -6.181707382202148438e-01 1.000000000000000000e+00
-2.227339446544647217e-01 2.126185745000839233e-01 -6.968064308166503906e-01 1.000000000000000000e+00
-1.681897938251495361e-01 2.143659740686416626e-01 -7.190198302268981934e-01 1.000000000000000000e+00
-1.093072071671485901e-01 2.086894065141677856e-01 -7.280712723731994629e-01 1.000000000000000000e+00
-1.600198796950280666e-03 2.369938492774963379e-01 -6.950412392616271973e-01 1.000000000000000000e+00
9.959798306226730347e-02 2.994746565818786621e-01 -6.038287281990051270e-01 1.000000000000000000e+00
3.383262827992439270e-02 3.644034564495086670e-01 -6.377882361412048340e-01 1.000000000000000000e+00
-6.330420076847076416e-02 3.970921337604522705e-01 -6.609128117561340332e-01 1.000000000000000000e+00
-1.264796406030654907e-01 4.068536162376403809e-01 -6.488326191902160645e-01 1.000000000000000000e+00
-1.900404989719390869e-01 4.019850492477416992e-01 -6.278753876686096191e-01 1.000000000000000000e+00
-2.718172967433929443e-01 3.788470625877380371e-01 -5.630724430084228516e-01 1.000000000000000000e+00
-3.223537206649780273e-01 3.181217908859252930e-01 -4.899522662162780762e-01 1.000000000000000000e+00
-2.032912373542785645e-01 2.767162024974822998e-01 -6.361882090568542480e-01 1.000000000000000000e+00
-1.492628306150436401e-01 2.725825011730194092e-01 -6.589348912239074707e-01 1.000000000000000000e+00
-9.036536514759063721e-02 2.756184339523315430e-01 -6.646642088890075684e-01 1.000000000000000000e+00
9.727776795625686646e-02 2.985863387584686279e-01 -6.029443144798278809e-01 1.000000000000000000e+00
-6.536973267793655396e-02 3.283208608627319336e-01 -6.458983421325683594e-01 1.000000000000000000e+00
-1.257177442312240601e-01 3.322400450706481934e-01 -6.337099075317382812e-01 1.000000000000000000e+00
-1.859677284955978394e-01 3.337131738662719727e-01 -6.153191924095153809e-01 1.000000000000000000e+00
