-6.870072484016418457e-01 -3.805220127105712891e-01
-6.909254193305969238e-01 -2.000860571861267090e-01
-6.545846462249755859e-01 -2.040557563304901123e-02
-6.283545494079589844e-01 1.355266571044921875e-01
-5.816600918769836426e-01 2.975718379020690918e-01
-5.136843323707580566e-01 4.539587497711181641e-01
-4.086972773075103760e-01 6.092560887336730957e-01
-2.415050268173217773e-01 7.426235675811767578e-01
-6.601534783840179443e-02 7.727516293525695801e-01
1.319017410278320312e-01 7.242804765701293945e-01
3.232825398445129395e-01 6.138949394226074219e-01
4.739272296428680420e-01 4.605823457241058350e-01
6.038858890533447266e-01 2.837350368499755859e-01
6.811658143997192383e-01 8.559909462928771973e-02
7.066693305969238281e-01 -1.041634529829025269e-01
7.071419954299926758e-01 -3.084987998008728027e-01
7.052980661392211914e-01 -5.063960552215576172e-01
-6.788225173950195312e-01 -4.860779345035552979e-01
-6.442538499832153320e-01 -6.452916264533996582e-01
-5.414194464683532715e-01 -6.719655394554138184e-01
-4.106519520282745361e-01 -6.527845263481140137e-01
-2.874163985252380371e-01 -6.112070083618164062e-01
-9.889547526836395264e-02 -6.187722682952880859e-01
2.474074810743331909e-02 -6.714521050453186035e-01
1.848552078008651733e-01 -7.074078321456909180e-01
3.530440032482147217e-01 -6.976016759872436523e-01
4.821865856647491455e-01 -5.486367344856262207e-01
-1.869658678770065308e-01 -4.673304557800292969e-01
-2.008242607116699219e-01 -3.341658413410186768e-01
-2.139852344989776611e-01 -2.232954055070877075e-01
-2.209939360618591309e-01 -1.082207933068275452e-01
-2.821841239929199219e-01 7.932377979159355164e-03
-2.313377261161804199e-01 2.359128370881080627e-02
-1.768554598093032837e-01 4.097406566143035889e-02
-1.149201020598411560e-01 1.942263357341289520e-02
-5.151367187500000000e-02 -7.619261741638183594e-04
-5.667456984519958496e-01 -4.113148152828216553e-01
-5.083195567131042480e-01 -4.672513902187347412e-01
-4.141375720500946045e-01 -4.680451154708862305e-01
-3.170472085475921631e-01 -4.182725250720977783e-01
-4.003203213214874268e-01 -3.798016905784606934e-01
-4.873252809047698975e-01 -3.707753419876098633e-01
2.105124294757843018e-02 -4.346422851085662842e-01
9.547395259141921997e-02 -4.913294613361358643e-01
1.921861469745635986e-01 -5.005912780761718750e-01
3.034517765045166016e-01 -4.538722932338714600e-01
1.937909126281738281e-01 -4.035817980766296387e-01
1.013215258717536926e-01 -4.039231240749359131e-01
-3.290527164936065674e-01 3.192256689071655273e-01
-2.972453534603118896e-01 2.480289191007614136e-01
-2.227339446544647217e-01 2.126185745000839233e-01
-1.681897938251495361e-01 2.143659740686416626e-01
-1.093072071671485901e-01 2.086894065141677856e-01
-1.600198796950280666e-03 2.369938492774963379e-01
9.959798306226730347e-02 2.994746565818786621e-01
3.383262827992439270e-02 3.644034564495086670e-01
-6.330420076847076416e-02 3.970921337604522705e-01
-1.264796406030654907e-01 4.068536162376403809e-01
-1.900404989719390869e-01 4.019850492477416992e-01
-2.718172967433929443e-01 3.788470625877380371e-01
-3.223537206649780273e-01 3.181217908859252930e-01
-2.032912373542785645e-01 2.767162024974822998e-01
-1.492628306150436401e-01 2.725825011730194092e-01
-9.036536514759063721e-02 2.756184339523315430e-01
9.727776795625686646e-02 2.985863387584686279e-01
-6.536973267793655396e-02 3.283208608627319336e-01
-1.257177442312240601e-01 3.322400450706481934e-01
-1.859677284955978394e-01 3.337131738662719727e-01
