-7.080831527709960938e-01 -3.797344565391540527e-01
-7.000581622123718262e-01 -1.812481880187988281e-01
-6.625576615333557129e-01 9.396633249707520008e-04
-6.235111355781555176e-01 1.509137600660324097e-01
-5.672063231468200684e-01 3.127470016479492188e-01
-4.838497340679168701e-01 4.620296359062194824e-01
-3.563113808631896973e-01 6.008068919181823730e-01
-1.863811314105987549e-01 7.116892337799072266e-01
-1.751130074262619019e-02 7.403583526611328125e-01
1.598511636257171631e-01 6.955509185791015625e-01
3.360410034656524658e-01 5.931024551391601562e-01
4.783979058265686035e-01 4.547470211982727051e-01
5.808820128440856934e-01 2.881325483322143555e-01
6.487492322921752930e-01 9.346397221088409424e-02
6.872842907905578613e-01 -9.441386163234710693e-02
7.041009068489074707e-01 -2.916995584964752197e-01
7.178104519844055176e-01 -4.839743375778198242e-01
-6.736781001091003418e-01 -4.804445803165435791e-01
-6.213330626487731934e-01 -6.492836475372314453e-01
-5.014779567718505859e-01 -6.789638400077819824e-01
-3.577943742275238037e-01 -6.556528806686401367e-01
-2.288744002580642700e-01 -6.059690713882446289e-01
-2.634425461292266846e-02 -6.134571433067321777e-01
1.036085560917854309e-01 -6.728258728981018066e-01
2.667078077793121338e-01 -7.098741531372070312e-01
4.300150871276855469e-01 -6.954417228698730469e-01
5.439645648002624512e-01 -5.354520082473754883e-01
-1.217851713299751282e-01 -4.392668604850769043e-01
-1.269150376319885254e-01 -2.984045147895812988e-01
-1.339988261461257935e-01 -1.889172345399856567e-01
-1.369288712739944458e-01 -7.672979682683944702e-02
-2.200150340795516968e-01 4.768109694123268127e-02
-1.659497767686843872e-01 6.248181685805320740e-02
-1.079378798604011536e-01 7.900222390890121460e-02
-4.568213596940040588e-02 5.882786214351654053e-02
1.546834036707878113e-02 3.918153047561645508e-02
-5.530411005020141602e-01 -3.923109173774719238e-01
-4.808253645896911621e-01 -4.474616348743438721e-01
-3.847894668579101562e-01 -4.456216096878051758e-01
-2.915784120559692383e-01 -3.906182050704956055e-01
-3.734748959541320801e-01 -3.559809327125549316e-01
-4.658428430557250977e-01 -3.474774658679962158e-01
8.933289349079132080e-02 -4.053399264812469482e-01
1.694739311933517456e-01 -4.658970534801483154e-01
2.677356302738189697e-01 -4.771131277084350586e-01
3.757566511631011963e-01 -4.303810894489288330e-01
2.687954604625701904e-01 -3.774189949035644531e-01
1.724879741668701172e-01 -3.778796792030334473e-01
-2.806189060211181641e-01 3.320495486259460449e-01
-2.342292517423629761e-01 2.728921175003051758e-01
-1.535507738590240479e-01 2.423832267522811890e-01
-9.857651591300964355e-02 2.452244758605957031e-01
-4.061063751578330994e-02 2.383660227060317993e-01
6.131280213594436646e-02 2.612190246582031250e-01
1.562864482402801514e-01 3.088402748107910156e-01
9.479434788227081299e-02 3.692350983619689941e-01
-8.444890845566987991e-04 4.027636051177978516e-01
-6.572398543357849121e-02 4.140709936618804932e-01
-1.317365318536758423e-01 4.094456732273101807e-01
-2.191059589385986328e-01 3.866053819656372070e-01
-2.745293974876403809e-01 3.318147659301757812e-01
-1.407119333744049072e-01 3.016676902770996094e-01
-8.615795522928237915e-02 3.003983795642852783e-01
-2.847812883555889130e-02 2.982614934444427490e-01
1.538334935903549194e-01 3.082588315010070801e-01
-5.211030598729848862e-03 3.331127166748046875e-01
-6.799959391355514526e-02 3.374501764774322510e-01
-1.293104290962219238e-01 3.398205339908599854e-01
