-7.119938731193542480e-01 -4.200511574745178223e-01 2.596118748188018799e-01 1.000000000000000000e+00
-6.796879172325134277e-01 -2.285793274641036987e-01 2.940626442432403564e-01 1.000000000000000000e+00
-6.343794465065002441e-01 -1.478704996407032013e-02 3.207832872867584229e-01 0.000000000000000000e+00
-5.801255702972412109e-01 1.766078621149063110e-01 2.673183381557464600e-01 0.000000000000000000e+00
-5.247609615325927734e-01 3.609302639961242676e-01 1.459470391273498535e-01 0.000000000000000000e+00
-4.452507197856903076e-01 5.154579877853393555e-01 -3.704113140702247620e-02 1.000000000000000000e+00
-3.223588466644287109e-01 6.331351399421691895e-01 -1.720386147499084473e-01 1.000000000000000000e+00
-1.782159209251403809e-01 7.175831794738769531e-01 -3.301386833190917969e-01 1.000000000000000000e+00
3.756135236471891403e-03 7.457653880119323730e-01 -3.677667379379272461e-01 1.000000000000000000e+00
1.608209609985351562e-01 6.978114843368530273e-01 -3.787782490253448486e-01 1.000000000000000000e+00
3.301444947719573975e-01 6.007508635520935059e-01 -2.689190208911895752e-01 1.000000000000000000e+00
4.679378569126129150e-01 4.703857302665710449e-01 -1.771132200956344604e-01 1.000000000000000000e+00
5.758528113365173340e-01 3.064771890640258789e-01 -2.535937912762165070e-02 1.000000000000000000e+00
6.444144248962402344e-01 1.164461895823478699e-01 7.362548261880874634e-02 1.000000000000000000e+00
6.960949897766113281e-01 -7.311357557773590088e-02 1.043280661106109619e-01 1.000000000000000000e+00
7.118661403656005859e-01 -2.892583608627319336e-01 6.027164682745933533e-02 1.000000000000000000e+00
7.319377660751342773e-01 -4.827044010162353516e-01 2.207650989294052124e-02 1.000000000000000000e+00
-6.736781001091003418e-01 -4.804445803165435791e-01 -2.217320650815963745e-01 1.000000000000000000e+00
-6.213330626487731934e-01 -6.492836475372314453e-01 -4.031926989555358887e-01 1.000000000000000000e+00
-5.014779567718505859e-01 -6.789638400077819824e-01 -5.613987445831298828e-01 1.000000000000000000e+00
-3.577943742275238037e-01 -6.556528806686401367e-01 -6.523977518081665039e-01 1.000000000000000000e+00
-2.288744002580642700e-01 -6.059690713882446289e-01 -6.900875568389892578e-01 1.000000000000000000e+00
-2.634425461292266846e-02 -6.134571433067321777e-01 -7.232019901275634766e-01 1.000000000000000000e+00
1.036085560917854309e-01 -6.728258728981018066e-01 -7.296272516250610352e-01 1.000000000000000000e+00
2.667078077793121338e-01 -7.098741531372070312e-01 -6.851646304130554199e-01 1.000000000000000000e+00
4.300150871276855469e-01 -6.954417228698730469e-01 -5.671834349632263184e-01 1.000000000000000000e+00
5.439645648002624512e-01 -5.354520082473754883e-01 -4.127713143825531006e-01 1.000000000000000000e+00
-1.217851713299751282e-01 -4.392668604850769043e-01 -7.166095376014709473e-01 1.000000000000000000e+00
-1.269150376319885254e-01 -2.984045147895812988e-01 -7.892341613769531250e-01 1.000000000000000000e+00
-1.339988261461257935e-01 -1.889172345399856567e-01 -8.547388315200805664e-01 1.000000000000000000e+00
-1.369288712739944458e-01 -7.672979682683944702e-02 -9.043567776679992676e-01 1.000000000000000000e+00
-2.200150340795516968e-01 4.768109694123268127e-02 -6.728585362434387207e-01 1.000000000000000000e+00
-1.659497767686843872e-01 6.248181685805320740e-02 -7.100850939750671387e-01 1.000000000000000000e+00
-1.079378798604011536e-01 7.900222390890121460e-02 -7.384484410285949707e-01 1.000000000000000000e+00
-4.568213596940040588e-02 5.882786214351654053e-02 -7.297869920730590820e-01 1.000000000000000000e+00
1.546834036707878113e-02 3.918153047561645508e-02 -7.109928727149963379e-01 1.000000000000000000e+00
-5.530411005020141602e-01 -3.923109173774719238e-01 -4.186738431453704834e-01 1.000000000000000000e+00
-4.808253645896911621e-01 -4.474616348743438721e-01 -5.335899591445922852e-01 1.000000000000000000e+00
-3.847894668579101562e-01 -4.456216096878051758e-01 -5.571733117103576660e-01 1.000000000000000000e+00
-2.915784120559692383e-01 -3.906182050704956055e-01 -5.377588868141174316e-01 1.000000000000000000e+00
-3.734748959541320801e-01 -3.559809327125549316e-01 -5.327342152595520020e-01 1.000000000000000000e+00
-4.658428430557250977e-01 -3.474774658679962158e-01 -5.063441991806030273e-01 1.000000000000000000e+00
8.933289349079132080e-02 -4.053399264812469482e-01 -6.021335721015930176e-01 1.000000000000000000e+00
1.694739311933517456e-01 -4.658970534801483154e-01 -6.490353345870971680e-01 1.000000000000000000e+00
2.677356302738189697e-01 -4.771131277084350586e-01 -6.566281914710998535e-01 1.000000000000000000e+00
3.757566511631011963e-01 -4.303810894489288330e-01 -5.687858462333679199e-01 1.000000000000000000e+00
2.687954604625701904e-01 -3.774189949035644531e-01 -6.268756985664367676e-01 1.000000000000000000e+00
1.724879741668701172e-01 -3.778796792030334473e-01 -6.237371563911437988e-01 1.000000000000000000e+00
-2.806189060211181641e-01 3.320495486259460449e-01 -5.163607597351074219e-01 1.000000000000000000e+00
-2.342292517423629761e-01 2.728921175003051758e-01 -6.398981213569641113e-01 1.000000000000000000e+00
-1.535507738590240479e-01 2.423832267522811890e-01 -7.119135260581970215e-01 1.000000000000000000e+00
-9.857651591300964355e-02 2.452244758605957031e-01 -7.286863327026367188e-01 1.000000000000000000e+00
-4.061063751578330994e-02 2.383660227060317993e-01 -7.302418351173400879e-01 1.000000000000000000e+00
6.131280213594436646e-02 2.612190246582031250e-01 -6.847975254058837891e-01 1.000000000000000000e+00
1.562864482402801514e-01 3.088402748107910156e-01 -5.828860998153686523e-01 1.000000000000000000e+00
9.479434788227081299e-02 3.692350983619689941e-01 -6.265514492988586426e-01 1.000000000000000000e+00
-8.444890845566987991e-04 4.027636051177978516e-01 -6.630559563636779785e-01 1.000000000000000000e+00
-6.572398543357849121e-02 4.140709936618804932e-01 -6.575269103050231934e-01 1.000000000000000000e+00
-1.317365318536758423e-01 4.094456732273101807e-01 -6.422232985496520996e-01 1.000000000000000000e+00
-2.191059589385986328e-01 3.866053819656372070e-01 -5.814713239669799805e-01 1.000000000000000000e+00
-2.745293974876403809e-01 3.318147659301757812e-01 -5.134121179580688477e-01 1.000000000000000000e+00
-1.407119333744049072e-01 3.016676902770996094e-01 -6.492903828620910645e-01 1.000000000000000000e+00
-8.615795522928237915e-02 3.003983795642852783e-01 -6.673055291175842285e-01 1.000000000000000000e+00
-2.847812883555889130e-02 2.982614934444427490e-01 -6.651860475540161133e-01 1.000000000000000000e+00
1.538334935903549194e-01 3.082588315010070801e-01 -5.825547575950622559e-01 1.000000000000000000e+00
-5.211030598729848862e-03 3.331127166748046875e-01 -6.490110158920288086e-01 1.000000000000000000e+00
-6.799959391355514526e-02 3.374501764774322510e-01 -6.426030993461608887e-01 1.000000000000000000e+00
-1.293104290962219238e-01 3.398205339908599854e-01 -6.298451423645019531e-01 1.000000000000000000e+00
