-7.306582927703857422e-01 -3.544297516345977783e-01
-7.075768113136291504e-01 -1.606306284666061401e-01
-6.903858780860900879e-01 2.572373300790786743e-02
-6.559386849403381348e-01 2.056944370269775391e-01
-5.798423290252685547e-01 3.713942468166351318e-01
-4.810161292552947998e-01 5.242026448249816895e-01
-3.270876407623291016e-01 6.481596827507019043e-01
-1.324418038129806519e-01 7.227939367294311523e-01
4.778790846467018127e-02 7.466733455657958984e-01
2.212213575839996338e-01 7.046469449996948242e-01
4.047949016094207764e-01 6.155741810798645020e-01
5.303142070770263672e-01 4.780454337596893311e-01
6.106042861938476562e-01 3.227584362030029297e-01
6.648976206779479980e-01 1.562868207693099976e-01
6.843304634094238281e-01 -2.087070979177951813e-02
6.928984522819519043e-01 -2.043399661779403687e-01
7.082353830337524414e-01 -3.954877257347106934e-01
-6.085144877433776855e-01 -4.424244761466979980e-01
-5.159149169921875000e-01 -6.091466546058654785e-01
-3.723426163196563721e-01 -6.421594023704528809e-01
-2.207904756069183350e-01 -6.233362555503845215e-01
-9.286586195230484009e-02 -5.778877735137939453e-01
9.798396378755569458e-02 -5.838376283645629883e-01
2.225434482097625732e-01 -6.366496086120605469e-01
3.703261613845825195e-01 -6.639318466186523438e-01
5.090574622154235840e-01 -6.414378285408020020e-01
6.028565168380737305e-01 -4.815217256546020508e-01
8.152211084961891174e-03 -4.167844057083129883e-01
1.420239545404911041e-02 -2.876077592372894287e-01
1.750192232429981232e-02 -1.925159394741058350e-01
2.182164415717124939e-02 -9.322090446949005127e-02
-1.027108952403068542e-01 3.351432457566261292e-02
-4.088489711284637451e-02 4.645268246531486511e-02
1.889857463538646698e-02 6.151138246059417725e-02
7.777768373489379883e-02 4.409221932291984558e-02
1.368133425712585449e-01 2.851364761590957642e-02
-4.476400017738342285e-01 -3.635536134243011475e-01
-3.591940701007843018e-01 -4.104476571083068848e-01
-2.645224630832672119e-01 -4.096852242946624756e-01
-1.763610839843750000e-01 -3.663417100906372070e-01
-2.583359777927398682e-01 -3.371022939682006836e-01
-3.503503203392028809e-01 -3.292353451251983643e-01
1.851088255643844604e-01 -3.764679133892059326e-01
2.721414566040039062e-01 -4.235929548740386963e-01
3.664668500423431396e-01 -4.305719137191772461e-01
4.541622102260589600e-01 -3.891025185585021973e-01
3.610473573207855225e-01 -3.488676249980926514e-01
2.693313062191009521e-01 -3.516290187835693359e-01
-1.922670751810073853e-01 3.253163397312164307e-01
-1.255017369985580444e-01 2.566441595554351807e-01
-3.177352622151374817e-02 2.231505960226058960e-01
2.568726055324077606e-02 2.262794524431228638e-01
8.355066925287246704e-02 2.206126749515533447e-01
1.774706989526748657e-01 2.495391219854354858e-01
2.521496415138244629e-01 3.091250658035278320e-01
1.927779465913772583e-01 3.639988005161285400e-01
1.054365932941436768e-01 3.916758596897125244e-01
4.149855673313140869e-02 4.013769924640655518e-01
-2.535774372518062592e-02 3.961310684680938721e-01
-1.202094927430152893e-01 3.768464028835296631e-01
-1.863917708396911621e-01 3.253098726272583008e-01
-3.040718100965023041e-02 2.858526110649108887e-01
2.720299176871776581e-02 2.842382490634918213e-01
8.453354984521865845e-02 2.855533957481384277e-01
2.496877461671829224e-01 3.085582554340362549e-01
9.968854486942291260e-02 3.261280655860900879e-01
3.808737546205520630e-02 3.290730118751525879e-01
-2.446741238236427307e-02 3.309617042541503906e-01
