-7.397622466087341309e-01 -3.552597761154174805e-01 2.286051362752914429e-01 1.000000000000000000e+00
-7.182506918907165527e-01 -1.624996662139892578e-01 2.558565437793731689e-01 1.000000000000000000e+00
-6.923945546150207520e-01 5.493848025798797607e-02 2.715244293212890625e-01 1.000000000000000000e+00
-6.598221063613891602e-01 2.434990406036376953e-01 2.157738804817199707e-01 1.000000000000000000e+00
-5.778561830520629883e-01 4.125814735889434814e-01 9.121153503656387329e-02 1.000000000000000000e+00
-4.644711017608642578e-01 5.552721619606018066e-01 -9.235836565494537354e-02 1.000000000000000000e+00
-3.103552460670471191e-01 6.643165349960327148e-01 -2.161567062139511108e-01 1.000000000000000000e+00
-1.299336999654769897e-01 7.265663146972656250e-01 -3.486872315406799316e-01 1.000000000000000000e+00
5.974485352635383606e-02 7.567858695983886719e-01 -3.605906367301940918e-01 1.000000000000000000e+00
2.184782773256301880e-01 7.085840702056884766e-01 -3.376461565494537354e-01 1.000000000000000000e+00
3.838888406753540039e-01 6.363717913627624512e-01 -1.999029815196990967e-01 1.000000000000000000e+00
5.139803290367126465e-01 5.148077011108398438e-01 -7.238858193159103394e-02 1.000000000000000000e+00
6.053774356842041016e-01 3.680358529090881348e-01 1.127153784036636353e-01 1.000000000000000000e+00
6.643024682998657227e-01 1.949883252382278442e-01 2.389561384916305542e-01 0.000000000000000000e+00
6.818950772285461426e-01 1.033962704241275787e-02 2.888050079345703125e-01 1.000000000000000000e+00
6.981375217437744141e-01 -2.064929902553558350e-01 2.622354924678802490e-01 1.000000000000000000e+00
7.159882783889770508e-01 -4.001480937004089355e-01 2.372707277536392212e-01 1.000000000000000000e+00
-6.085144877433776855e-01 -4.424244761466979980e-01 -2.220363914966583252e-01 1.000000000000000000e+00
-5.159149169921875000e-01 -6.091466546058654785e-01 -3.734249770641326904e-01 1.000000000000000000e+00
-3.723426163196563721e-01 -6.421594023704528809e-01 -5.031446814537048340e-01 1.000000000000000000e+00
-2.207904756069183350e-01 -6.233362555503845215e-01 -5.662785768508911133e-01 1.000000000000000000e+00
-9.286586195230484009e-02 -5.778877735137939453e-01 -5.790483951568603516e-01 1.000000000000000000e+00
9.798396378755569458e-02 -5.838376283645629883e-01 -5.790811181068420410e-01 1.000000000000000000e+00
2.225434482097625732e-01 -6.366496086120605469e-01 -5.679007768630981445e-01 1.000000000000000000e+00
3.703261613845825195e-01 -6.639318466186523438e-01 -5.012547969818115234e-01 1.000000000000000000e+00
5.090574622154235840e-01 -6.414378285408020020e-01 -3.637993335723876953e-01 1.000000000000000000e+00
6.028565168380737305e-01 -4.815217256546020508e-01 -2.110121995210647583e-01 1.000000000000000000e+00
8.152211084961891174e-03 -4.167844057083129883e-01 -5.841704607009887695e-01 1.000000000000000000e+00
1.420239545404911041e-02 -2.876077592372894287e-01 -6.604916453361511230e-01 1.000000000000000000e+00
1.750192232429981232e-02 -1.925159394741058350e-01 -7.313136458396911621e-01 1.000000000000000000e+00
2.182164415717124939e-02 -9.322090446949005127e-02 -7.848290801048278809e-01 1.000000000000000000e+00
-1.027108952403068542e-01 3.351432457566261292e-02 -5.966808795928955078e-01 1.000000000000000000e+00
-4.088489711284637451e-02 4.645268246531486511e-02 -6.229357719421386719e-01 1.000000000000000000e+00
1.889857463538646698e-02 6.151138246059417725e-02 -6.421838402748107910e-01 1.000000000000000000e+00
7.777768373489379883e-02 4.409221932291984558e-02 -6.238217353820800781e-01 1.000000000000000000e+00
1.368133425712585449e-01 2.851364761590957642e-02 -5.967169404029846191e-01 1.000000000000000000e+00
-4.476400017738342285e-01 -3.635536134243011475e-01 -4.020403623580932617e-01 1.000000000000000000e+00
-3.591940701007843018e-01 -4.104476571083068848e-01 -4.994089901447296143e-01 1.000000000000000000e+00
-2.645224630832672119e-01 -4.096852242946624756e-01 -5.050833225250244141e-01 1.000000000000000000e+00
-1.763610839843750000e-01 -3.663417100906372070e-01 -4.703535139560699463e-01 1.000000000000000000e+00
-2.583359777927398682e-01 -3.371022939682006836e-01 -4.845077395439147949e-01 1.000000000000000000e+00
-3.503503203392028809e-01 -3.292353451251983643e-01 -4.749128520488739014e-01 1.000000000000000000e+00
1.851088255643844604e-01 -3.764679133892059326e-01 -4.754612445831298828e-01 1.000000000000000000e+00
2.721414566040039062e-01 -4.235929548740386963e-01 -5.076755881309509277e-01 1.000000000000000000e+00
3.664668500423431396e-01 -4.305719137191772461e-01 -5.002803802490234375e-01 1.000000000000000000e+00
4.541622102260589600e-01 -3.891025185585021973e-01 -3.990904986858367920e-01 1.000000000000000000e+00
3.610473573207855225e-01 -3.488676249980926514e-01 -4.756388664245605469e-01 1.000000000000000000e+00
2.693313062191009521e-01 -3.516290187835693359e-01 -4.873074293136596680e-01 1.000000000000000000e+00
-1.922670751810073853e-01 3.253163397312164307e-01 -4.992046952247619629e-01 1.000000000000000000e+00
-1.255017369985580444e-01 2.566441595554351807e-01 -6.028568148612976074e-01 1.000000000000000000e+00
-3.177352622151374817e-02 2.231505960226058960e-01 -6.561114192008972168e-01 1.000000000000000000e+00
2.568726055324077606e-02 2.262794524431228638e-01 -6.639043092727661133e-01 1.000000000000000000e+00
8.355066925287246704e-02 2.206126749515533447e-01 -6.558735966682434082e-01 1.000000000000000000e+00
1.774706989526748657e-01 2.495391219854354858e-01 -5.983824729919433594e-01 1.000000000000000000e+00
2.521496415138244629e-01 3.091250658035278320e-01 -4.943571090698242188e-01 1.000000000000000000e+00
1.927779465913772583e-01 3.639988005161285400e-01 -5.501390099525451660e-01 1.000000000000000000e+00
1.054365932941436768e-01 3.916758596897125244e-01 -6.050601601600646973e-01 1.000000000000000000e+00
4.149855673313140869e-02 4.013769924640655518e-01 -6.110315322875976562e-01 1.000000000000000000e+00
-2.535774372518062592e-02 3.961310684680938721e-01 -6.045823097229003906e-01 1.000000000000000000e+00
-1.202094927430152893e-01 3.768464028835296631e-01 -5.567709207534790039e-01 1.000000000000000000e+00
-1.863917708396911621e-01 3.253098726272583008e-01 -4.957011044025421143e-01 1.000000000000000000e+00
-3.040718100965023041e-02 2.858526110649108887e-01 -6.013085842132568359e-01 1.000000000000000000e+00
2.720299176871776581e-02 2.842382490634918213e-01 -6.089368462562561035e-01 1.000000000000000000e+00
8.453354984521865845e-02 2.855533957481384277e-01 -5.984940528869628906e-01 1.000000000000000000e+00
2.496877461671829224e-01 3.085582554340362549e-01 -4.944192171096801758e-01 1.000000000000000000e+00
9.968854486942291260e-02 3.261280655860900879e-01 -5.853438973426818848e-01 1.000000000000000000e+00
3.808737546205520630e-02 3.290730118751525879e-01 -5.895547270774841309e-01 1.000000000000000000e+00
-2.446741238236427307e-02 3.309617042541503906e-01 -5.868031382560729980e-01 1.000000000000000000e+00
