-6.872694492340087891e-01 -3.803493976593017578e-01
-6.910452842712402344e-01 -1.997952163219451904e-01
-6.544734239578247070e-01 -1.936540938913822174e-02
-6.280797719955444336e-01 1.377645581960678101e-01
-5.814425945281982422e-01 3.000337779521942139e-01
-5.118000507354736328e-01 4.554317593574523926e-01
-4.050848782062530518e-01 6.075335741043090820e-01
-2.374198734760284424e-01 7.355800271034240723e-01
-6.303332746028900146e-02 7.624521851539611816e-01
1.334145665168762207e-01 7.134751677513122559e-01
3.244764208793640137e-01 6.046021580696105957e-01
4.750252068042755127e-01 4.539002180099487305e-01
6.041602492332458496e-01 2.793353796005249023e-01
6.814051270484924316e-01 8.316388726234436035e-02
7.065629363059997559e-01 -1.058994233608245850e-01
7.068435549736022949e-01 -3.096397817134857178e-01
7.050144672393798828e-01 -5.073113441467285156e-01
-6.786588430404663086e-01 -4.853995144367218018e-01
-6.434684991836547852e-01 -6.428335309028625488e-01
-5.396596789360046387e-01 -6.696938276290893555e-01
-4.089033603668212891e-01 -6.512221693992614746e-01
-2.863240242004394531e-01 -6.110888123512268066e-01
-9.910722076892852783e-02 -6.192679405212402344e-01
2.390368469059467316e-02 -6.708109974861145020e-01
1.836488246917724609e-01 -7.054003477096557617e-01
3.519453704357147217e-01 -6.956241130828857422e-01
4.818705320358276367e-01 -5.490594506263732910e-01
-1.868628859519958496e-01 -4.689153730869293213e-01
-2.004232555627822876e-01 -3.361976742744445801e-01
-2.135978639125823975e-01 -2.263419032096862793e-01
-2.208652049303054810e-01 -1.121794134378433228e-01
-2.825301289558410645e-01 2.778074238449335098e-03
-2.314435243606567383e-01 1.910010166466236115e-02
-1.768929362297058105e-01 3.674881532788276672e-02
-1.147561669349670410e-01 1.479649078100919724e-02
-5.079279467463493347e-02 -6.081414874643087387e-03
-5.653336644172668457e-01 -4.075952470302581787e-01
-5.052590966224670410e-01 -4.537039697170257568e-01
-4.134292006492614746e-01 -4.563883543014526367e-01
-3.167380392551422119e-01 -4.166242480278015137e-01
-4.009034037590026855e-01 -3.798038363456726074e-01
-4.878469407558441162e-01 -3.701419532299041748e-01
2.130607143044471741e-02 -4.331760108470916748e-01
9.763184189796447754e-02 -4.791765809059143066e-01
1.917333155870437622e-01 -4.860722720623016357e-01
3.023906052112579346e-01 -4.504295289516448975e-01
1.939376890659332275e-01 -4.035055637359619141e-01
1.016887351870536804e-01 -4.043932259082794189e-01
-3.308999836444854736e-01 3.129490017890930176e-01
-2.978366911411285400e-01 2.420034706592559814e-01
-2.221525907516479492e-01 2.077825516462326050e-01
-1.673110425472259521e-01 2.102167457342147827e-01
-1.082339957356452942e-01 2.035921066999435425e-01
-8.479075768264010549e-05 2.299081981182098389e-01
1.006358265876770020e-01 2.892424464225769043e-01
3.298594802618026733e-02 3.529239892959594727e-01
-6.514413654804229736e-02 3.854160308837890625e-01
-1.285712122917175293e-01 3.959313333034515381e-01
-1.923706382513046265e-01 3.919034898281097412e-01
-2.739952802658081055e-01 3.710294663906097412e-01
-3.243133127689361572e-01 3.117602765560150146e-01
-2.029430121183395386e-01 2.706710100173950195e-01
-1.480932384729385376e-01 2.669407129287719727e-01
-8.868860453367233276e-02 2.691381275653839111e-01
9.836361557245254517e-02 2.884452044963836670e-01
-6.765075027942657471e-02 3.157886266708374023e-01
-1.283392012119293213e-01 3.200622498989105225e-01
-1.893656551837921143e-01 3.228572607040405273e-01
