-6.868970990180969238e-01 -4.298629760742187500e-01 3.325024247169494629e-01 0.000000000000000000e+00
-6.600461006164550781e-01 -2.364156693220138550e-01 3.709395825862884521e-01 0.000000000000000000e+00
-6.221769452095031738e-01 -1.929294690489768982e-02 3.974817693233489990e-01 0.000000000000000000e+00
-5.963809490203857422e-01 1.716057956218719482e-01 3.426665067672729492e-01 0.000000000000000000e+00
-5.485948920249938965e-01 3.560602962970733643e-01 2.095056176185607910e-01 0.000000000000000000e+00
-4.758368134498596191e-01 5.181224942207336426e-01 4.762956872582435608e-03 1.000000000000000000e+00
-3.655586540699005127e-01 6.502473354339599609e-01 -1.599661111831665039e-01 1.000000000000000000e+00
-2.268360555171966553e-01 7.405286431312561035e-01 -3.378446400165557861e-01 1.000000000000000000e+00
-3.349910676479339600e-02 7.684687972068786621e-01 -4.024497270584106445e-01 1.000000000000000000e+00
1.334275603294372559e-01 7.147274017333984375e-01 -4.266904592514038086e-01 1.000000000000000000e+00
3.218660652637481689e-01 6.068619489669799805e-01 -3.303149044513702393e-01 1.000000000000000000e+00
4.732597470283508301e-01 4.601998925209045410e-01 -2.333907783031463623e-01 1.000000000000000000e+00
6.054530143737792969e-01 2.869253158569335938e-01 -8.281183987855911255e-02 1.000000000000000000e+00
6.807351112365722656e-01 9.458116441965103149e-02 1.730060949921607971e-02 1.000000000000000000e+00
7.152153253555297852e-01 -9.199047833681106567e-02 5.093333870172500610e-02 1.000000000000000000e+00
7.140833735466003418e-01 -3.099180757999420166e-01 6.923894863575696945e-03 1.000000000000000000e+00
7.101567983627319336e-01 -5.046226382255554199e-01 -3.537242859601974487e-02 1.000000000000000000e+00
-6.786588430404663086e-01 -4.853995144367218018e-01 -1.466114521026611328e-01 1.000000000000000000e+00
-6.434684991836547852e-01 -6.428335309028625488e-01 -3.331505954265594482e-01 1.000000000000000000e+00
-5.396596789360046387e-01 -6.696938276290893555e-01 -5.006442070007324219e-01 1.000000000000000000e+00
-4.089033603668212891e-01 -6.512221693992614746e-01 -6.018867492675781250e-01 1.000000000000000000e+00
-2.863240242004394531e-01 -6.110888123512268066e-01 -6.476072072982788086e-01 1.000000000000000000e+00
-9.910722076892852783e-02 -6.192679405212402344e-01 -6.988494992256164551e-01 1.000000000000000000e+00
2.390368469059467316e-02 -6.708109974861145020e-01 -7.213736176490783691e-01 1.000000000000000000e+00
1.836488246917724609e-01 -7.054003477096557617e-01 -6.933703422546386719e-01 1.000000000000000000e+00
3.519453704357147217e-01 -6.956241130828857422e-01 -5.894684791564941406e-01 1.000000000000000000e+00
4.818705320358276367e-01 -5.490594506263732910e-01 -4.463956952095031738e-01 1.000000000000000000e+00
-1.868628859519958496e-01 -4.689153730869293213e-01 -6.877166032791137695e-01 1.000000000000000000e+00
-2.004232555627822876e-01 -3.361976742744445801e-01 -7.638772726058959961e-01 1.000000000000000000e+00
-2.135978639125823975e-01 -2.263419032096862793e-01 -8.303040266036987305e-01 1.000000000000000000e+00
-2.208652049303054810e-01 -1.121794134378433228e-01 -8.825713992118835449e-01 1.000000000000000000e+00
-2.825301289558410645e-01 2.778074238449335098e-03 -6.327434778213500977e-01 1.000000000000000000e+00
-2.314435243606567383e-01 1.910010166466236115e-02 -6.788207292556762695e-01 1.000000000000000000e+00
-1.768929362297058105e-01 3.674881532788276672e-02 -7.141164541244506836e-01 1.000000000000000000e+00
-1.147561669349670410e-01 1.479649078100919724e-02 -7.117089629173278809e-01 1.000000000000000000e+00
-5.079279467463493347e-02 -6.081414874643087387e-03 -6.946268081665039062e-01 1.000000000000000000e+00
-5.653336644172668457e-01 -4.075952470302581787e-01 -3.422577679157257080e-01 1.000000000000000000e+00
-5.052590966224670410e-01 -4.537039697170257568e-01 -4.585818052291870117e-01 1.000000000000000000e+00
-4.134292006492614746e-01 -4.563883543014526367e-01 -4.876810312271118164e-01 1.000000000000000000e+00
-3.167380392551422119e-01 -4.166242480278015137e-01 -4.763824641704559326e-01 1.000000000000000000e+00
-4.009034037590026855e-01 -3.798038363456726074e-01 -4.685910046100616455e-01 1.000000000000000000e+00
-4.878469407558441162e-01 -3.701419532299041748e-01 -4.352324008941650391e-01 1.000000000000000000e+00
2.130607143044471741e-02 -4.331760108470916748e-01 -5.699594020843505859e-01 1.000000000000000000e+00
9.763184189796447754e-02 -4.791765809059143066e-01 -6.252870559692382812e-01 1.000000000000000000e+00
1.917333155870437622e-01 -4.860722720623016357e-01 -6.442878246307373047e-01 1.000000000000000000e+00
3.023906052112579346e-01 -4.504295289516448975e-01 -5.691134929656982422e-01 1.000000000000000000e+00
1.939376890659332275e-01 -4.035055637359619141e-01 -6.162276268005371094e-01 1.000000000000000000e+00
1.016887351870536804e-01 -4.043932259082794189e-01 -6.039683222770690918e-01 1.000000000000000000e+00
-3.308999836444854736e-01 3.129490017890930176e-01 -4.902542829513549805e-01 1.000000000000000000e+00
-2.978366911411285400e-01 2.420034706592559814e-01 -6.147442460060119629e-01 1.000000000000000000e+00
-2.221525907516479492e-01 2.077825516462326050e-01 -6.937376260757446289e-01 1.000000000000000000e+00
-1.673110425472259521e-01 2.102167457342147827e-01 -7.159174680709838867e-01 1.000000000000000000e+00
-1.082339957356452942e-01 2.035921066999435425e-01 -7.250492572784423828e-01 1.000000000000000000e+00
-8.479075768264010549e-05 2.299081981182098389e-01 -6.922277212142944336e-01 1.000000000000000000e+00
1.006358265876770020e-01 2.892424464225769043e-01 -6.035400629043579102e-01 1.000000000000000000e+00
3.298594802618026733e-02 3.529239892959594727e-01 -6.389358639717102051e-01 1.000000000000000000e+00
-6.514413654804229736e-02 3.854160308837890625e-01 -6.626660823822021484e-01 1.000000000000000000e+00
-1.285712122917175293e-01 3.959313333034515381e-01 -6.497104167938232422e-01 1.000000000000000000e+00
-1.923706382513046265e-01 3.919034898281097412e-01 -6.279262304306030273e-01 1.000000000000000000e+00
-2.739952802658081055e-01 3.710294663906097412e-01 -5.614910721778869629e-01 1.000000000000000000e+00
-3.243133127689361572e-01 3.117602765560150146e-01 -4.874933958053588867e-01 1.000000000000000000e+00
-2.029430121183395386e-01 2.706710100173950195e-01 -6.323928833007812500e-01 1.000000000000000000e+00
-1.480932384729385376e-01 2.669407129287719727e-01 -6.551935076713562012e-01 1.000000000000000000e+00
-8.868860453367233276e-02 2.691381275653839111e-01 -6.615757346153259277e-01 1.000000000000000000e+00
9.836361557245254517e-02 2.884452044963836670e-01 -6.026750802993774414e-01 1.000000000000000000e+00
-6.765075027942657471e-02 3.157886266708374023e-01 -6.460231542587280273e-01 1.000000000000000000e+00
-1.283392012119293213e-01 3.200622498989105225e-01 -6.335014104843139648e-01 1.000000000000000000e+00
-1.893656551837921143e-01 3.228572607040405273e-01 -6.142966151237487793e-01 1.000000000000000000e+00
