-7.119081616401672363e-01 -4.204700291156768799e-01 2.591374516487121582e-01 1.000000000000000000e+00
-6.797050237655639648e-01 -2.291533499956130981e-01 2.936060428619384766e-01 1.000000000000000000e+00
-6.346702575683593750e-01 -1.562186423689126968e-02 3.203650116920471191e-01 0.000000000000000000e+00
-5.811712145805358887e-01 1.757037043571472168e-01 2.671155333518981934e-01 0.000000000000000000e+00
-5.263331532478332520e-01 3.600567877292633057e-01 1.460675150156021118e-01 0.000000000000000000e+00
-4.476016759872436523e-01 5.147984623908996582e-01 -3.654193505644798279e-02 1.000000000000000000e+00
-3.261375725269317627e-01 6.335661411285400391e-01 -1.707073152065277100e-01 1.000000000000000000e+00
-1.834117770195007324e-01 7.193443775177001953e-01 -3.277294635772705078e-01 1.000000000000000000e+00
-1.745245885103940964e-03 7.488510608673095703e-01 -3.651315569877624512e-01 1.000000000000000000e+00
1.559224277734756470e-01 7.014695405960083008e-01 -3.763943612575531006e-01 1.000000000000000000e+00
3.264260292053222656e-01 6.040671467781066895e-01 -2.675939798355102539e-01 1.000000000000000000e+00
4.653238058090209961e-01 4.728406071662902832e-01 -1.764934957027435303e-01 1.000000000000000000e+00
5.746714472770690918e-01 3.080997169017791748e-01 -2.522399649024009705e-02 1.000000000000000000e+00
6.439356803894042969e-01 1.174159571528434753e-01 7.340267300605773926e-02 1.000000000000000000e+00
6.959303617477416992e-01 -7.247806340456008911e-02 1.039691194891929626e-01 1.000000000000000000e+00
7.119210362434387207e-01 -2.888898551464080811e-01 5.983252823352813721e-02 1.000000000000000000e+00
7.320796847343444824e-01 -4.824367463588714600e-01 2.160235494375228882e-02 1.000000000000000000e+00
-6.735481023788452148e-01 -4.800725579261779785e-01 -2.222308814525604248e-01 1.000000000000000000e+00
-6.211917400360107422e-01 -6.481909155845642090e-01 -4.037490785121917725e-01 1.000000000000000000e+00
-5.014410614967346191e-01 -6.777253150939941406e-01 -5.620268583297729492e-01 1.000000000000000000e+00
-3.579462766647338867e-01 -6.551017165184020996e-01 -6.530194282531738281e-01 1.000000000000000000e+00
-2.289772778749465942e-01 -6.056548953056335449e-01 -6.905080080032348633e-01 1.000000000000000000e+00
-2.625841274857521057e-02 -6.132448315620422363e-01 -7.236669063568115234e-01 1.000000000000000000e+00
1.038462966680526733e-01 -6.723325848579406738e-01 -7.304173111915588379e-01 1.000000000000000000e+00
2.668512165546417236e-01 -7.090619206428527832e-01 -6.855867505073547363e-01 1.000000000000000000e+00
4.301310181617736816e-01 -6.946917176246643066e-01 -5.673893094062805176e-01 1.000000000000000000e+00
5.440203547477722168e-01 -5.348603129386901855e-01 -4.129964113235473633e-01 1.000000000000000000e+00
-1.218255683779716492e-01 -4.389130473136901855e-01 -7.167845368385314941e-01 1.000000000000000000e+00
-1.270055025815963745e-01 -2.979314923286437988e-01 -7.894098162651062012e-01 1.000000000000000000e+00
-1.341194361448287964e-01 -1.880221813917160034e-01 -8.547758460044860840e-01 1.000000000000000000e+00
-1.369990557432174683e-01 -7.553168386220932007e-02 -9.040911197662353516e-01 1.000000000000000000e+00
-2.202486246824264526e-01 4.924693703651428223e-02 -6.727232933044433594e-01 1.000000000000000000e+00
-1.660526990890502930e-01 6.358627229928970337e-02 -7.097169160842895508e-01 1.000000000000000000e+00
-1.079784333705902100e-01 7.988872379064559937e-02 -7.380371689796447754e-01 1.000000000000000000e+00
-4.570920765399932861e-02 5.989698693156242371e-02 -7.293497920036315918e-01 1.000000000000000000e+00
1.550582703202962875e-02 4.069628939032554626e-02 -7.107962369918823242e-01 1.000000000000000000e+00
-5.534341931343078613e-01 -3.932924568653106689e-01 -4.187141358852386475e-01 1.000000000000000000e+00
-4.815223813056945801e-01 -4.507754147052764893e-01 -5.340479016304016113e-01 1.000000000000000000e+00
-3.848893940448760986e-01 -4.484077394008636475e-01 -5.579779148101806641e-01 1.000000000000000000e+00
-2.916605770587921143e-01 -3.909863531589508057e-01 -5.380101203918457031e-01 1.000000000000000000e+00
-3.733535706996917725e-01 -3.559477329254150391e-01 -5.327443480491638184e-01 1.000000000000000000e+00
-4.657370746135711670e-01 -3.476159870624542236e-01 -5.063005685806274414e-01 1.000000000000000000e+00
8.936909586191177368e-02 -4.057026505470275879e-01 -6.023374795913696289e-01 1.000000000000000000e+00
1.690854877233505249e-01 -4.688925445079803467e-01 -6.497526168823242188e-01 1.000000000000000000e+00
2.680004835128784180e-01 -4.807377457618713379e-01 -6.573126316070556641e-01 1.000000000000000000e+00
3.761072158813476562e-01 -4.313126802444458008e-01 -5.688383579254150391e-01 1.000000000000000000e+00
2.687851190567016602e-01 -3.774413466453552246e-01 -6.267434358596801758e-01 1.000000000000000000e+00
1.724486649036407471e-01 -3.777630925178527832e-01 -6.237118840217590332e-01 1.000000000000000000e+00
-2.822481989860534668e-01 3.321314752101898193e-01 -5.159729719161987305e-01 1.000000000000000000e+00
-2.346832901239395142e-01 2.737422585487365723e-01 -6.403660178184509277e-01 1.000000000000000000e+00
-1.539539694786071777e-01 2.432527989149093628e-01 -7.124344706535339355e-01 1.000000000000000000e+00
-9.901607781648635864e-02 2.458617091178894043e-01 -7.292193174362182617e-01 1.000000000000000000e+00
-4.116258025169372559e-02 2.392917275428771973e-01 -7.307163476943969727e-01 1.000000000000000000e+00
6.011501327157020569e-02 2.624907493591308594e-01 -6.853734254837036133e-01 1.000000000000000000e+00
1.533668339252471924e-01 3.109316527843475342e-01 -5.827089548110961914e-01 1.000000000000000000e+00
9.082870185375213623e-02 3.717553913593292236e-01 -6.258834004402160645e-01 1.000000000000000000e+00
-4.815035965293645859e-03 4.050985872745513916e-01 -6.623144745826721191e-01 1.000000000000000000e+00
-6.971132755279541016e-02 4.161217808723449707e-01 -6.568639278411865234e-01 1.000000000000000000e+00
-1.355750560760498047e-01 4.110410809516906738e-01 -6.416622996330261230e-01 1.000000000000000000e+00
-2.223018556833267212e-01 3.873676657676696777e-01 -5.808405280113220215e-01 1.000000000000000000e+00
-2.763344645500183105e-01 3.319237530231475830e-01 -5.130416154861450195e-01 1.000000000000000000e+00
-1.411629766225814819e-01 3.026804327964782715e-01 -6.501714587211608887e-01 1.000000000000000000e+00
-8.685452491044998169e-02 3.012721538543701172e-01 -6.681478023529052734e-01 1.000000000000000000e+00
-2.938314527273178101e-02 2.994053363800048828e-01 -6.659152507781982422e-01 1.000000000000000000e+00
1.509511917829513550e-01 3.103144466876983643e-01 -5.823801755905151367e-01 1.000000000000000000e+00
-8.961183018982410431e-03 3.354452252388000488e-01 -6.487095952033996582e-01 1.000000000000000000e+00
-7.161689549684524536e-02 3.395307958126068115e-01 -6.421990394592285156e-01 1.000000000000000000e+00
-1.325397789478302002e-01 3.413373529911041260e-01 -6.295133829116821289e-01 1.000000000000000000e+00
