-7.079215645790100098e-01 -3.798824548721313477e-01
-7.002260684967041016e-01 -1.818065494298934937e-01
-6.631808876991271973e-01 -1.026526151690632105e-04
-6.244188547134399414e-01 1.496027559041976929e-01
-5.683417320251464844e-01 3.112950026988983154e-01
-4.856992959976196289e-01 4.608185589313507080e-01
-3.597146570682525635e-01 6.007714867591857910e-01
-1.915707588195800781e-01 7.133153080940246582e-01
-2.314360067248344421e-02 7.433516979217529297e-01
1.548576354980468750e-01 6.991861462593078613e-01
3.323237299919128418e-01 5.963769555091857910e-01
4.758463501930236816e-01 4.571480453014373779e-01
5.796045660972595215e-01 2.898366451263427734e-01
6.482887864112854004e-01 9.449572116136550903e-02
6.872289180755615234e-01 -9.361293166875839233e-02
7.041483521461486816e-01 -2.912013530731201172e-01
7.179560661315917969e-01 -4.836181402206420898e-01
-6.735481023788452148e-01 -4.800725579261779785e-01
-6.211917400360107422e-01 -6.481909155845642090e-01
-5.014410614967346191e-01 -6.777253150939941406e-01
-3.579462766647338867e-01 -6.551017165184020996e-01
-2.289772778749465942e-01 -6.056548953056335449e-01
-2.625841274857521057e-02 -6.132448315620422363e-01
1.038462966680526733e-01 -6.723325848579406738e-01
2.668512165546417236e-01 -7.090619206428527832e-01
4.301310181617736816e-01 -6.946917176246643066e-01
5.440203547477722168e-01 -5.348603129386901855e-01
-1.218255683779716492e-01 -4.389130473136901855e-01
-1.270055025815963745e-01 -2.979314923286437988e-01
-1.341194361448287964e-01 -1.880221813917160034e-01
-1.369990557432174683e-01 -7.553168386220932007e-02
-2.202486246824264526e-01 4.924693703651428223e-02
-1.660526990890502930e-01 6.358627229928970337e-02
-1.079784333705902100e-01 7.988872379064559937e-02
-4.570920765399932861e-02 5.989698693156242371e-02
1.550582703202962875e-02 4.069628939032554626e-02
-5.534341931343078613e-01 -3.932924568653106689e-01
-4.815223813056945801e-01 -4.507754147052764893e-01
-3.848893940448760986e-01 -4.484077394008636475e-01
-2.916605770587921143e-01 -3.909863531589508057e-01
-3.733535706996917725e-01 -3.559477329254150391e-01
-4.657370746135711670e-01 -3.476159870624542236e-01
8.936909586191177368e-02 -4.057026505470275879e-01
1.690854877233505249e-01 -4.688925445079803467e-01
2.680004835128784180e-01 -4.807377457618713379e-01
3.761072158813476562e-01 -4.313126802444458008e-01
2.687851190567016602e-01 -3.774413466453552246e-01
1.724486649036407471e-01 -3.777630925178527832e-01
-2.822481989860534668e-01 3.321314752101898193e-01
-2.346832901239395142e-01 2.737422585487365723e-01
-1.539539694786071777e-01 2.432527989149093628e-01
-9.901607781648635864e-02 2.458617091178894043e-01
-4.116258025169372559e-02 2.392917275428771973e-01
6.011501327157020569e-02 2.624907493591308594e-01
1.533668339252471924e-01 3.109316527843475342e-01
9.082870185375213623e-02 3.717553913593292236e-01
-4.815035965293645859e-03 4.050985872745513916e-01
-6.971132755279541016e-02 4.161217808723449707e-01
-1.355750560760498047e-01 4.110410809516906738e-01
-2.223018556833267212e-01 3.873676657676696777e-01
-2.763344645500183105e-01 3.319237530231475830e-01
-1.411629766225814819e-01 3.026804327964782715e-01
-8.685452491044998169e-02 3.012721538543701172e-01
-2.938314527273178101e-02 2.994053363800048828e-01
1.509511917829513550e-01 3.103144466876983643e-01
-8.961183018982410431e-03 3.354452252388000488e-01
-7.161689549684524536e-02 3.395307958126068115e-01
-1.325397789478302002e-01 3.413373529911041260e-01
