-6.870921254158020020e-01 -3.804953694343566895e-01
-6.909239292144775391e-01 -1.998744457960128784e-01
-6.544826626777648926e-01 -2.014078013598918915e-02
-6.280976533889770508e-01 1.360358744859695435e-01
-5.813088417053222656e-01 2.982161045074462891e-01
-5.129951834678649902e-01 4.543980658054351807e-01
-4.074473679065704346e-01 6.088704466819763184e-01
-2.400730103254318237e-01 7.409492731094360352e-01
-6.474108248949050903e-02 7.700129151344299316e-01
1.327770501375198364e-01 7.213705182075500488e-01
3.237893581390380859e-01 6.114127039909362793e-01
4.743368029594421387e-01 4.589476585388183594e-01
6.040525436401367188e-01 2.827412188053131104e-01
6.812239885330200195e-01 8.496294170618057251e-02
7.066605687141418457e-01 -1.046558767557144165e-01
7.070569396018981934e-01 -3.087977766990661621e-01
7.051970958709716797e-01 -5.066018700599670410e-01
-6.788817048072814941e-01 -4.861568212509155273e-01
-6.442246437072753906e-01 -6.457061171531677246e-01
-5.413941144943237305e-01 -6.725705862045288086e-01
-4.105812311172485352e-01 -6.531764268875122070e-01
-2.874462902545928955e-01 -6.115146875381469727e-01
-9.896859526634216309e-02 -6.190976500511169434e-01
2.456398680806159973e-02 -6.720389723777770996e-01
1.846764683723449707e-01 -7.079363465309143066e-01
3.527692556381225586e-01 -6.978604793548583984e-01
4.820527136325836182e-01 -5.487855672836303711e-01
-1.869562715291976929e-01 -4.674794673919677734e-01
-2.007630467414855957e-01 -3.342537581920623779e-01
-2.139476090669631958e-01 -2.236436456441879272e-01
-2.210360318422317505e-01 -1.087280511856079102e-01
-2.822157740592956543e-01 7.312153931707143784e-03
-2.314043939113616943e-01 2.316361106932163239e-02
-1.769668310880661011e-01 4.079766944050788879e-02
-1.150161623954772949e-01 1.905705593526363373e-02
-5.161309987306594849e-02 -1.260303077287971973e-03
-5.665775537490844727e-01 -4.110601246356964111e-01
-5.080389380455017090e-01 -4.661762416362762451e-01
-4.140467345714569092e-01 -4.671598374843597412e-01
-3.170022070407867432e-01 -4.182198345661163330e-01
-4.003086090087890625e-01 -3.798948526382446289e-01
-4.873853623867034912e-01 -3.708103001117706299e-01
2.096362970769405365e-02 -4.345142841339111328e-01
9.547057747840881348e-02 -4.905069470405578613e-01
1.920173615217208862e-01 -4.995878636837005615e-01
3.032491207122802734e-01 -4.535943865776062012e-01
1.937067657709121704e-01 -4.035608172416687012e-01
1.011668071150779724e-01 -4.039533138275146484e-01
-3.288481831550598145e-01 3.180452287197113037e-01
-2.969813346862792969e-01 2.475456297397613525e-01
-2.225586026906967163e-01 2.124842852354049683e-01
-1.680881083011627197e-01 2.144582271575927734e-01
-1.092907562851905823e-01 2.086030989885330200e-01
-1.825959538109600544e-03 2.364567071199417114e-01
9.915839880704879761e-02 2.974059581756591797e-01
3.331816941499710083e-02 3.614104688167572021e-01
-6.367281824350357056e-02 3.941501379013061523e-01
-1.266188174486160278e-01 4.040386974811553955e-01
-1.899726539850234985e-01 3.994286656379699707e-01
-2.714813053607940674e-01 3.767232894897460938e-01
-3.221954703330993652e-01 3.169324994087219238e-01
-2.032311111688613892e-01 2.766450047492980957e-01
-1.491578072309494019e-01 2.726853787899017334e-01
-9.026333689689636230e-02 2.755406796932220459e-01
9.685983508825302124e-02 2.965529561042785645e-01
-6.589056551456451416e-02 3.251056075096130371e-01
-1.261886507272720337e-01 3.292016983032226562e-01
-1.863625347614288330e-01 3.309364318847656250e-01
