-6.869947910308837891e-01 -4.300622642040252686e-01 3.304500281810760498e-01 0.000000000000000000e+00
-6.602414250373840332e-01 -2.368310242891311646e-01 3.688461184501647949e-01 0.000000000000000000e+00
-6.227499246597290039e-01 -2.010425552725791931e-02 3.952426910400390625e-01 0.000000000000000000e+00
-5.977637171745300293e-01 1.705656647682189941e-01 3.403332531452178955e-01 0.000000000000000000e+00
-5.508502125740051270e-01 3.556025028228759766e-01 2.073089033365249634e-01 0.000000000000000000e+00
-4.786116778850555420e-01 5.184212923049926758e-01 2.338632009923458099e-03 1.000000000000000000e+00
-3.687826395034790039e-01 6.526557207107543945e-01 -1.608714610338211060e-01 1.000000000000000000e+00
-2.298342734575271606e-01 7.461887598037719727e-01 -3.363767862319946289e-01 1.000000000000000000e+00
-3.531369194388389587e-02 7.761559486389160156e-01 -3.994197845458984375e-01 1.000000000000000000e+00
1.327981054782867432e-01 7.226511240005493164e-01 -4.236187040805816650e-01 1.000000000000000000e+00
3.211863338947296143e-01 6.136949658393859863e-01 -3.287167549133300781e-01 1.000000000000000000e+00
4.726030528545379639e-01 4.652763605117797852e-01 -2.330138683319091797e-01 1.000000000000000000e+00
6.053906679153442383e-01 2.903425991535186768e-01 -8.279865980148315430e-02 1.000000000000000000e+00
6.804937720298767090e-01 9.637999534606933594e-02 1.701303943991661072e-02 1.000000000000000000e+00
7.151959538459777832e-01 -9.087195247411727905e-02 5.048018693923950195e-02 1.000000000000000000e+00
7.142333388328552246e-01 -3.091574907302856445e-01 5.929946899414062500e-03 1.000000000000000000e+00
7.103084325790405273e-01 -5.039731860160827637e-01 -3.664265200495719910e-02 1.000000000000000000e+00
-6.788817048072814941e-01 -4.861568212509155273e-01 -1.479348540306091309e-01 1.000000000000000000e+00
-6.442246437072753906e-01 -6.457061171531677246e-01 -3.335973620414733887e-01 1.000000000000000000e+00
-5.413941144943237305e-01 -6.725705862045288086e-01 -5.017703771591186523e-01 1.000000000000000000e+00
-4.105812311172485352e-01 -6.531764268875122070e-01 -6.033829450607299805e-01 1.000000000000000000e+00
-2.874462902545928955e-01 -6.115146875381469727e-01 -6.494101881980895996e-01 1.000000000000000000e+00
-9.896859526634216309e-02 -6.190976500511169434e-01 -7.009222507476806641e-01 1.000000000000000000e+00
2.456398680806159973e-02 -6.720389723777770996e-01 -7.238802909851074219e-01 1.000000000000000000e+00
1.846764683723449707e-01 -7.079363465309143066e-01 -6.950613856315612793e-01 1.000000000000000000e+00
3.527692556381225586e-01 -6.978604793548583984e-01 -5.902546048164367676e-01 1.000000000000000000e+00
4.820527136325836182e-01 -5.487855672836303711e-01 -4.475015103816986084e-01 1.000000000000000000e+00
-1.869562715291976929e-01 -4.674794673919677734e-01 -6.888535022735595703e-01 1.000000000000000000e+00
-2.007630467414855957e-01 -3.342537581920623779e-01 -7.650033235549926758e-01 1.000000000000000000e+00
-2.139476090669631958e-01 -2.236436456441879272e-01 -8.311560750007629395e-01 1.000000000000000000e+00
-2.210360318422317505e-01 -1.087280511856079102e-01 -8.829823136329650879e-01 1.000000000000000000e+00
-2.822157740592956543e-01 7.312153931707143784e-03 -6.336716413497924805e-01 1.000000000000000000e+00
-2.314043939113616943e-01 2.316361106932163239e-02 -6.794315576553344727e-01 1.000000000000000000e+00
-1.769668310880661011e-01 4.079766944050788879e-02 -7.148435711860656738e-01 1.000000000000000000e+00
-1.150161623954772949e-01 1.905705593526363373e-02 -7.121227979660034180e-01 1.000000000000000000e+00
-5.161309987306594849e-02 -1.260303077287971973e-03 -6.949474215507507324e-01 1.000000000000000000e+00
-5.665775537490844727e-01 -4.110601246356964111e-01 -3.423676788806915283e-01 1.000000000000000000e+00
-5.080389380455017090e-01 -4.661762416362762451e-01 -4.603904783725738525e-01 1.000000000000000000e+00
-4.140467345714569092e-01 -4.671598374843597412e-01 -4.908539652824401855e-01 1.000000000000000000e+00
-3.170022070407867432e-01 -4.182198345661163330e-01 -4.773931205272674561e-01 1.000000000000000000e+00
-4.003086090087890625e-01 -3.798948526382446289e-01 -4.686638116836547852e-01 1.000000000000000000e+00
-4.873853623867034912e-01 -3.708103001117706299e-01 -4.350666105747222900e-01 1.000000000000000000e+00
2.096362970769405365e-02 -4.345142841339111328e-01 -5.711634159088134766e-01 1.000000000000000000e+00
9.547057747840881348e-02 -4.905069470405578613e-01 -6.285474300384521484e-01 1.000000000000000000e+00
1.920173615217208862e-01 -4.995878636837005615e-01 -6.476299166679382324e-01 1.000000000000000000e+00
3.032491207122802734e-01 -4.535943865776062012e-01 -5.697982311248779297e-01 1.000000000000000000e+00
1.937067657709121704e-01 -4.035608172416687012e-01 -6.160728931427001953e-01 1.000000000000000000e+00
1.011668071150779724e-01 -4.039533138275146484e-01 -6.042177081108093262e-01 1.000000000000000000e+00
-3.288481831550598145e-01 3.180452287197113037e-01 -4.938053488731384277e-01 1.000000000000000000e+00
-2.969813346862792969e-01 2.475456297397613525e-01 -6.182675361633300781e-01 1.000000000000000000e+00
-2.225586026906967163e-01 2.124842852354049683e-01 -6.966255903244018555e-01 1.000000000000000000e+00
-1.680881083011627197e-01 2.144582271575927734e-01 -7.188479304313659668e-01 1.000000000000000000e+00
-1.092907562851905823e-01 2.086030989885330200e-01 -7.278981208801269531e-01 1.000000000000000000e+00
-1.825959538109600544e-03 2.364567071199417114e-01 -6.950795650482177734e-01 1.000000000000000000e+00
9.915839880704879761e-02 2.974059581756591797e-01 -6.050488948822021484e-01 1.000000000000000000e+00
3.331816941499710083e-02 3.614104688167572021e-01 -6.392927765846252441e-01 1.000000000000000000e+00
-6.367281824350357056e-02 3.941501379013061523e-01 -6.625192165374755859e-01 1.000000000000000000e+00
-1.266188174486160278e-01 4.040386974811553955e-01 -6.503111124038696289e-01 1.000000000000000000e+00
-1.899726539850234985e-01 3.994286656379699707e-01 -6.292292475700378418e-01 1.000000000000000000e+00
-2.714813053607940674e-01 3.767232894897460938e-01 -5.642226934432983398e-01 1.000000000000000000e+00
-3.221954703330993652e-01 3.169324994087219238e-01 -4.910124540328979492e-01 1.000000000000000000e+00
-2.032311111688613892e-01 2.766450047492980957e-01 -6.362127661705017090e-01 1.000000000000000000e+00
-1.491578072309494019e-01 2.726853787899017334e-01 -6.589475274085998535e-01 1.000000000000000000e+00
-9.026333689689636230e-02 2.755406796932220459e-01 -6.647469997406005859e-01 1.000000000000000000e+00
9.685983508825302124e-02 2.965529561042785645e-01 -6.041579842567443848e-01 1.000000000000000000e+00
-6.589056551456451416e-02 3.251056075096130371e-01 -6.475390791893005371e-01 1.000000000000000000e+00
-1.261886507272720337e-01 3.292016983032226562e-01 -6.353518962860107422e-01 1.000000000000000000e+00
-1.863625347614288330e-01 3.309364318847656250e-01 -6.168001294136047363e-01 1.000000000000000000e+00
