-6.872030496597290039e-01 -3.803411126136779785e-01
-6.912243366241455078e-01 -2.002540081739425659e-01
-6.553280353546142578e-01 -2.080910652875900269e-02
-6.291379332542419434e-01 1.353479921817779541e-01
-5.823994874954223633e-01 2.974439263343811035e-01
-5.140040516853332520e-01 4.536383450031280518e-01
-4.083719551563262939e-01 6.081996560096740723e-01
-2.412471920251846313e-01 7.400951981544494629e-01
-6.614950299263000488e-02 7.692202925682067871e-01
1.314693540334701538e-01 7.209809422492980957e-01
3.230198919773101807e-01 6.113415360450744629e-01
4.739493727684020996e-01 4.589704275131225586e-01
6.039170622825622559e-01 2.828276753425598145e-01
6.812390685081481934e-01 8.505836874246597290e-02
7.066398859024047852e-01 -1.046723499894142151e-01
7.070492506027221680e-01 -3.088622987270355225e-01
7.051962018013000488e-01 -5.066739320755004883e-01
-6.789758205413818359e-01 -4.857474267482757568e-01
-6.442558765411376953e-01 -6.449069380760192871e-01
-5.415002107620239258e-01 -6.716769337654113770e-01
-4.107410311698913574e-01 -6.527125239372253418e-01
-2.875146567821502686e-01 -6.111971735954284668e-01
-9.879136085510253906e-02 -6.188872456550598145e-01
2.489466778934001923e-02 -6.715344190597534180e-01
1.849492490291595459e-01 -7.072157263755798340e-01
3.529519140720367432e-01 -6.972382664680480957e-01
4.821506142616271973e-01 -5.483694672584533691e-01
-1.870156228542327881e-01 -4.671814143657684326e-01
-2.008240371942520142e-01 -3.339055776596069336e-01
-2.139851301908493042e-01 -2.231107652187347412e-01
-2.209677547216415405e-01 -1.080867797136306763e-01
-2.825600802898406982e-01 7.798368111252784729e-03
-2.314219772815704346e-01 2.345350012183189392e-02
-1.767570525407791138e-01 4.092145711183547974e-02
-1.146915033459663391e-01 1.921894401311874390e-02
-5.103154107928276062e-02 -9.642223594710230827e-04
-5.667895078659057617e-01 -4.115063846111297607e-01
-5.084626078605651855e-01 -4.676671922206878662e-01
-4.142062962055206299e-01 -4.683906137943267822e-01
-3.171052336692810059e-01 -4.183432161808013916e-01
-4.002933800220489502e-01 -3.798622786998748779e-01
-4.874063134193420410e-01 -3.708865344524383545e-01
2.102821692824363708e-02 -4.346580505371093750e-01
9.531847387552261353e-02 -4.917534887790679932e-01
1.921368539333343506e-01 -5.011264681816101074e-01
3.034143745899200439e-01 -4.540095031261444092e-01
1.937865763902664185e-01 -4.036225378513336182e-01
1.012039110064506531e-01 -4.039207994937896729e-01
-3.303968012332916260e-01 3.160126805305480957e-01
-2.975634336471557617e-01 2.466964423656463623e-01
-2.225179374217987061e-01 2.122353166341781616e-01
-1.677981466054916382e-01 2.141274064779281616e-01
-1.088014319539070129e-01 2.082604169845581055e-01
-9.492937824688851833e-04 2.354831844568252563e-01
1.002322509884834290e-01 2.954584658145904541e-01
3.320502489805221558e-02 3.593051731586456299e-01
-6.452600657939910889e-02 3.917412161827087402e-01
-1.277808248996734619e-01 4.015810489654541016e-01
-1.912853121757507324e-01 3.970186412334442139e-01
-2.730750441551208496e-01 3.745904266834259033e-01
-3.237845301628112793e-01 3.148580193519592285e-01
-2.033656686544418335e-01 2.759890854358673096e-01
-1.489750742912292480e-01 2.719282805919647217e-01
-8.976005762815475464e-02 2.747649848461151123e-01
9.793319553136825562e-02 2.945939004421234131e-01
-6.662128120660781860e-02 3.228353559970855713e-01
-1.272720098495483398e-01 3.269168138504028320e-01
-1.876673102378845215e-01 3.286285996437072754e-01
