-6.870122551918029785e-01 -4.302290976047515869e-01 3.302641212940216064e-01 0.000000000000000000e+00
-6.602869033813476562e-01 -2.370311170816421509e-01 3.686552345752716064e-01 0.000000000000000000e+00
-6.228382587432861328e-01 -2.035091631114482880e-02 3.950539231300354004e-01 0.000000000000000000e+00
-5.981137156486511230e-01 1.703594774007797241e-01 3.401980102062225342e-01 0.000000000000000000e+00
-5.512927770614624023e-01 3.552998304367065430e-01 2.072228938341140747e-01 0.000000000000000000e+00
-4.792586266994476318e-01 5.179759860038757324e-01 2.338768215849995613e-03 1.000000000000000000e+00
-3.696534335613250732e-01 6.521497368812561035e-01 -1.608070731163024902e-01 1.000000000000000000e+00
-2.309797257184982300e-01 7.454847693443298340e-01 -3.366331756114959717e-01 1.000000000000000000e+00
-3.668018057942390442e-02 7.755434513092041016e-01 -3.998409509658813477e-01 1.000000000000000000e+00
1.315005719661712646e-01 7.222862243652343750e-01 -4.239741861820220947e-01 1.000000000000000000e+00
3.204072415828704834e-01 6.136231422424316406e-01 -3.289520442485809326e-01 1.000000000000000000e+00
4.721984565258026123e-01 4.653123319149017334e-01 -2.333747148513793945e-01 1.000000000000000000e+00
6.052296757698059082e-01 2.904613614082336426e-01 -8.320596069097518921e-02 1.000000000000000000e+00
6.805135607719421387e-01 9.646891057491302490e-02 1.660954579710960388e-02 1.000000000000000000e+00
7.151515483856201172e-01 -9.090118855237960815e-02 5.018230155110359192e-02 1.000000000000000000e+00
7.142264842987060547e-01 -3.092286884784698486e-01 5.664700642228126526e-03 1.000000000000000000e+00
7.103168368339538574e-01 -5.040540695190429688e-01 -3.688085079193115234e-02 1.000000000000000000e+00
-6.789758205413818359e-01 -4.857474267482757568e-01 -1.482423394918441772e-01 1.000000000000000000e+00
-6.442558765411376953e-01 -6.449069380760192871e-01 -3.338654637336730957e-01 1.000000000000000000e+00
-5.415002107620239258e-01 -6.716769337654113770e-01 -5.020010471343994141e-01 1.000000000000000000e+00
-4.107410311698913574e-01 -6.527125239372253418e-01 -6.034965515136718750e-01 1.000000000000000000e+00
-2.875146567821502686e-01 -6.111971735954284668e-01 -6.494423747062683105e-01 1.000000000000000000e+00
-9.879136085510253906e-02 -6.188872456550598145e-01 -7.010189294815063477e-01 1.000000000000000000e+00
2.489466778934001923e-02 -6.715344190597534180e-01 -7.240971326828002930e-01 1.000000000000000000e+00
1.849492490291595459e-01 -7.072157263755798340e-01 -6.952348947525024414e-01 1.000000000000000000e+00
3.529519140720367432e-01 -6.972382664680480957e-01 -5.903385877609252930e-01 1.000000000000000000e+00
4.821506142616271973e-01 -5.483694672584533691e-01 -4.476436674594879150e-01 1.000000000000000000e+00
-1.870156228542327881e-01 -4.671814143657684326e-01 -6.888746023178100586e-01 1.000000000000000000e+00
-2.008240371942520142e-01 -3.339055776596069336e-01 -7.651067376136779785e-01 1.000000000000000000e+00
-2.139851301908493042e-01 -2.231107652187347412e-01 -8.311535120010375977e-01 1.000000000000000000e+00
-2.209677547216415405e-01 -1.080867797136306763e-01 -8.827714920043945312e-01 1.000000000000000000e+00
-2.825600802898406982e-01 7.798368111252784729e-03 -6.333214044570922852e-01 1.000000000000000000e+00
-2.314219772815704346e-01 2.345350012183189392e-02 -6.789430379867553711e-01 1.000000000000000000e+00
-1.767570525407791138e-01 4.092145711183547974e-02 -7.141987085342407227e-01 1.000000000000000000e+00
-1.146915033459663391e-01 1.921894401311874390e-02 -7.115891575813293457e-01 1.000000000000000000e+00
-5.103154107928276062e-02 -9.642223594710230827e-04 -6.946244239807128906e-01 1.000000000000000000e+00
-5.667895078659057617e-01 -4.115063846111297607e-01 -3.424137532711029053e-01 1.000000000000000000e+00
-5.084626078605651855e-01 -4.676671922206878662e-01 -4.606424272060394287e-01 1.000000000000000000e+00
-4.142062962055206299e-01 -4.683906137943267822e-01 -4.912788569927215576e-01 1.000000000000000000e+00
-3.171052336692810059e-01 -4.183432161808013916e-01 -4.775310456752777100e-01 1.000000000000000000e+00
-4.002933800220489502e-01 -3.798622786998748779e-01 -4.686846137046813965e-01 1.000000000000000000e+00
-4.874063134193420410e-01 -3.708865344524383545e-01 -4.350785017013549805e-01 1.000000000000000000e+00
2.102821692824363708e-02 -4.346580505371093750e-01 -5.712595582008361816e-01 1.000000000000000000e+00
9.531847387552261353e-02 -4.917534887790679932e-01 -6.288681030273437500e-01 1.000000000000000000e+00
1.921368539333343506e-01 -5.011264681816101074e-01 -6.479763388633728027e-01 1.000000000000000000e+00
3.034143745899200439e-01 -4.540095031261444092e-01 -5.698251724243164062e-01 1.000000000000000000e+00
1.937865763902664185e-01 -4.036225378513336182e-01 -6.160298585891723633e-01 1.000000000000000000e+00
1.012039110064506531e-01 -4.039207994937896729e-01 -6.042101979255676270e-01 1.000000000000000000e+00
-3.303968012332916260e-01 3.160126805305480957e-01 -4.916732311248779297e-01 1.000000000000000000e+00
-2.975634336471557617e-01 2.466964423656463623e-01 -6.168280839920043945e-01 1.000000000000000000e+00
-2.225179374217987061e-01 2.122353166341781616e-01 -6.955526471138000488e-01 1.000000000000000000e+00
-1.677981466054916382e-01 2.141274064779281616e-01 -7.177408933639526367e-01 1.000000000000000000e+00
-1.088014319539070129e-01 2.082604169845581055e-01 -7.268067002296447754e-01 1.000000000000000000e+00
-9.492937824688851833e-04 2.354831844568252563e-01 -6.939428448677062988e-01 1.000000000000000000e+00
1.002322509884834290e-01 2.954584658145904541e-01 -6.036106348037719727e-01 1.000000000000000000e+00
3.320502489805221558e-02 3.593051731586456299e-01 -6.386691927909851074e-01 1.000000000000000000e+00
-6.452600657939910889e-02 3.917412161827087402e-01 -6.622915863990783691e-01 1.000000000000000000e+00
-1.277808248996734619e-01 4.015810489654541016e-01 -6.501420140266418457e-01 1.000000000000000000e+00
-1.912853121757507324e-01 3.970186412334442139e-01 -6.289034485816955566e-01 1.000000000000000000e+00
-2.730750441551208496e-01 3.745904266834259033e-01 -5.630478858947753906e-01 1.000000000000000000e+00
-3.237845301628112793e-01 3.148580193519592285e-01 -4.889764487743377686e-01 1.000000000000000000e+00
-2.033656686544418335e-01 2.759890854358673096e-01 -6.352230906486511230e-01 1.000000000000000000e+00
-1.489750742912292480e-01 2.719282805919647217e-01 -6.579126119613647461e-01 1.000000000000000000e+00
-8.976005762815475464e-02 2.747649848461151123e-01 -6.638879776000976562e-01 1.000000000000000000e+00
9.793319553136825562e-02 2.945939004421234131e-01 -6.027395129203796387e-01 1.000000000000000000e+00
-6.662128120660781860e-02 3.228353559970855713e-01 -6.472036242485046387e-01 1.000000000000000000e+00
-1.272720098495483398e-01 3.269168138504028320e-01 -6.351382136344909668e-01 1.000000000000000000e+00
-1.876673102378845215e-01 3.286285996437072754e-01 -6.162083745002746582e-01 1.000000000000000000e+00
