-7.078537344932556152e-01 -3.797801434993743896e-01
-7.000001072883605957e-01 -1.818129420280456543e-01
-6.628347635269165039e-01 -4.456736496649682522e-05
-6.238857507705688477e-01 1.498957574367523193e-01
-5.675615668296813965e-01 3.116747140884399414e-01
-4.844997227191925049e-01 4.612167477607727051e-01
-3.575678169727325439e-01 6.011165976524353027e-01
-1.881684809923171997e-01 7.133768200874328613e-01
-1.914261095225811005e-02 7.429142594337463379e-01
1.586677432060241699e-01 6.985146999359130859e-01
3.350410759449005127e-01 5.955816507339477539e-01
4.776379466056823730e-01 4.564289152622222900e-01
5.805971622467041016e-01 2.893048524856567383e-01
6.485429406166076660e-01 9.415826946496963501e-02
6.873924732208251953e-01 -9.383433312177658081e-02
7.041543722152709961e-01 -2.913391292095184326e-01
7.179008126258850098e-01 -4.837008416652679443e-01
-6.736142635345458984e-01 -4.801342785358428955e-01
-6.214285492897033691e-01 -6.487355828285217285e-01
-5.017285346984863281e-01 -6.779225468635559082e-01
-3.579876124858856201e-01 -6.545069813728332520e-01
-2.289468348026275635e-01 -6.047039031982421875e-01
-2.634154632687568665e-02 -6.119756698608398438e-01
1.037630289793014526e-01 -6.712652444839477539e-01
2.669165134429931641e-01 -7.087965011596679688e-01
4.302879571914672852e-01 -6.948063373565673828e-01
5.440739393234252930e-01 -5.348552465438842773e-01
-1.218250393867492676e-01 -4.384174644947052002e-01
-1.270079761743545532e-01 -2.979665696620941162e-01
-1.340935230255126953e-01 -1.882827132940292358e-01
-1.369149535894393921e-01 -7.585990428924560547e-02
-2.202684581279754639e-01 4.817747324705123901e-02
-1.660679131746292114e-01 6.296531856060028076e-02
-1.078923791646957397e-01 7.932233810424804688e-02
-4.557298868894577026e-02 5.924926325678825378e-02
1.565454155206680298e-02 3.959997743368148804e-02
-5.535832643508911133e-01 -3.936180770397186279e-01
-4.818820357322692871e-01 -4.523804783821105957e-01
-3.849199116230010986e-01 -4.497376382350921631e-01
-2.916969060897827148e-01 -3.909347653388977051e-01
-3.732130527496337891e-01 -3.557996451854705811e-01
-4.656197428703308105e-01 -3.475841581821441650e-01
8.936692029237747192e-02 -4.057884216308593750e-01
1.689385026693344116e-01 -4.697831571102142334e-01
2.680508196353912354e-01 -4.817927479743957520e-01
3.761617839336395264e-01 -4.315964877605438232e-01
2.687628865242004395e-01 -3.775438964366912842e-01
1.724024116992950439e-01 -3.777899444103240967e-01
-2.807080149650573730e-01 3.318265080451965332e-01
-2.342537194490432739e-01 2.727411091327667236e-01
-1.535784900188446045e-01 2.421431541442871094e-01
-9.867502003908157349e-02 2.447672933340072632e-01
-4.083377867937088013e-02 2.381501197814941406e-01
6.099085509777069092e-02 2.612358927726745605e-01
1.557434350252151489e-01 3.099064230918884277e-01
9.425953775644302368e-02 3.701190054416656494e-01
-1.154908095486462116e-03 4.030511379241943359e-01
-6.594569236040115356e-02 4.141755104064941406e-01
-1.318405866622924805e-01 4.092926979064941406e-01
-2.191011905670166016e-01 3.863929510116577148e-01
-2.745892703533172607e-01 3.315109610557556152e-01
-1.407794803380966187e-01 3.015553057193756104e-01
-8.647465705871582031e-02 3.000984191894531250e-01
-2.895532548427581787e-02 2.981801629066467285e-01
1.532707810401916504e-01 3.092683255672454834e-01
-5.396702792495489120e-03 3.335517346858978271e-01
-6.806369870901107788e-02 3.376211822032928467e-01
-1.291324496269226074e-01 3.397250473499298096e-01
