-7.118828892707824707e-01 -4.202739894390106201e-01 2.589855194091796875e-01 1.000000000000000000e+00
-6.796256303787231445e-01 -2.288981378078460693e-01 2.934222221374511719e-01 1.000000000000000000e+00
-6.344670057296752930e-01 -1.528698485344648361e-02 3.200825154781341553e-01 0.000000000000000000e+00
-5.805191993713378906e-01 1.759424507617950439e-01 2.666026651859283447e-01 0.000000000000000000e+00
-5.255955457687377930e-01 3.603706955909729004e-01 1.454996615648269653e-01 0.000000000000000000e+00
-4.463355243206024170e-01 5.151147842407226562e-01 -3.726308420300483704e-02 1.000000000000000000e+00
-3.239017128944396973e-01 6.337693929672241211e-01 -1.714740544557571411e-01 1.000000000000000000e+00
-1.801331490278244019e-01 7.194544672966003418e-01 -3.287167251110076904e-01 1.000000000000000000e+00
2.102201338857412338e-03 7.484993934631347656e-01 -3.658200204372406006e-01 1.000000000000000000e+00
1.596740186214447021e-01 7.008390426635742188e-01 -3.767840862274169922e-01 1.000000000000000000e+00
3.291425108909606934e-01 6.032655239105224609e-01 -2.674279212951660156e-01 1.000000000000000000e+00
4.671460390090942383e-01 4.721200466156005859e-01 -1.762579381465911865e-01 1.000000000000000000e+00
5.754947066307067871e-01 3.076397180557250977e-01 -2.494218014180660248e-02 1.000000000000000000e+00
6.440889239311218262e-01 1.170588880777359009e-01 7.370375096797943115e-02 1.000000000000000000e+00
6.960104703903198242e-01 -7.265847176313400269e-02 1.042323783040046692e-01 1.000000000000000000e+00
7.119209170341491699e-01 -2.889702320098876953e-01 6.000585854053497314e-02 1.000000000000000000e+00
7.320384383201599121e-01 -4.824792146682739258e-01 2.172314003109931946e-02 1.000000000000000000e+00
-6.736142635345458984e-01 -4.801342785358428955e-01 -2.222542315721511841e-01 1.000000000000000000e+00
-6.214285492897033691e-01 -6.487355828285217285e-01 -4.034539163112640381e-01 1.000000000000000000e+00
-5.017285346984863281e-01 -6.779225468635559082e-01 -5.618784427642822266e-01 1.000000000000000000e+00
-3.579876124858856201e-01 -6.545069813728332520e-01 -6.528111100196838379e-01 1.000000000000000000e+00
-2.289468348026275635e-01 -6.047039031982421875e-01 -6.905258893966674805e-01 1.000000000000000000e+00
-2.634154632687568665e-02 -6.119756698608398438e-01 -7.236080765724182129e-01 1.000000000000000000e+00
1.037630289793014526e-01 -6.712652444839477539e-01 -7.302461266517639160e-01 1.000000000000000000e+00
2.669165134429931641e-01 -7.087965011596679688e-01 -6.856490373611450195e-01 1.000000000000000000e+00
4.302879571914672852e-01 -6.948063373565673828e-01 -5.673910379409790039e-01 1.000000000000000000e+00
5.440739393234252930e-01 -5.348552465438842773e-01 -4.130260646343231201e-01 1.000000000000000000e+00
-1.218250393867492676e-01 -4.384174644947052002e-01 -7.169886827468872070e-01 1.000000000000000000e+00
-1.270079761743545532e-01 -2.979665696620941162e-01 -7.895444631576538086e-01 1.000000000000000000e+00
-1.340935230255126953e-01 -1.882827132940292358e-01 -8.549284934997558594e-01 1.000000000000000000e+00
-1.369149535894393921e-01 -7.585990428924560547e-02 -9.043350815773010254e-01 1.000000000000000000e+00
-2.202684581279754639e-01 4.817747324705123901e-02 -6.730410456657409668e-01 1.000000000000000000e+00
-1.660679131746292114e-01 6.296531856060028076e-02 -7.101802229881286621e-01 1.000000000000000000e+00
-1.078923791646957397e-01 7.932233810424804688e-02 -7.384669184684753418e-01 1.000000000000000000e+00
-4.557298868894577026e-02 5.924926325678825378e-02 -7.297317385673522949e-01 1.000000000000000000e+00
1.565454155206680298e-02 3.959997743368148804e-02 -7.109561562538146973e-01 1.000000000000000000e+00
-5.535832643508911133e-01 -3.936180770397186279e-01 -4.189079701900482178e-01 1.000000000000000000e+00
-4.818820357322692871e-01 -4.523804783821105957e-01 -5.345091819763183594e-01 1.000000000000000000e+00
-3.849199116230010986e-01 -4.497376382350921631e-01 -5.585954189300537109e-01 1.000000000000000000e+00
-2.916969060897827148e-01 -3.909347653388977051e-01 -5.382050275802612305e-01 1.000000000000000000e+00
-3.732130527496337891e-01 -3.557996451854705811e-01 -5.327825546264648438e-01 1.000000000000000000e+00
-4.656197428703308105e-01 -3.475841581821441650e-01 -5.063693523406982422e-01 1.000000000000000000e+00
8.936692029237747192e-02 -4.057884216308593750e-01 -6.025480031967163086e-01 1.000000000000000000e+00
1.689385026693344116e-01 -4.697831571102142334e-01 -6.502160429954528809e-01 1.000000000000000000e+00
2.680508196353912354e-01 -4.817927479743957520e-01 -6.577725410461425781e-01 1.000000000000000000e+00
3.761617839336395264e-01 -4.315964877605438232e-01 -5.690491795539855957e-01 1.000000000000000000e+00
2.687628865242004395e-01 -3.775438964366912842e-01 -6.268659830093383789e-01 1.000000000000000000e+00
1.724024116992950439e-01 -3.777899444103240967e-01 -6.238263845443725586e-01 1.000000000000000000e+00
-2.807080149650573730e-01 3.318265080451965332e-01 -5.174543857574462891e-01 1.000000000000000000e+00
-2.342537194490432739e-01 2.727411091327667236e-01 -6.406857371330261230e-01 1.000000000000000000e+00
-1.535784900188446045e-01 2.421431541442871094e-01 -7.124626636505126953e-01 1.000000000000000000e+00
-9.867502003908157349e-02 2.447672933340072632e-01 -7.291345596313476562e-01 1.000000000000000000e+00
-4.083377867937088013e-02 2.381501197814941406e-01 -7.306233048439025879e-01 1.000000000000000000e+00
6.099085509777069092e-02 2.612358927726745605e-01 -6.854326725006103516e-01 1.000000000000000000e+00
1.557434350252151489e-01 3.099064230918884277e-01 -5.834432244300842285e-01 1.000000000000000000e+00
9.425953775644302368e-02 3.701190054416656494e-01 -6.268129348754882812e-01 1.000000000000000000e+00
-1.154908095486462116e-03 4.030511379241943359e-01 -6.635455489158630371e-01 1.000000000000000000e+00
-6.594569236040115356e-02 4.141755104064941406e-01 -6.583577990531921387e-01 1.000000000000000000e+00
-1.318405866622924805e-01 4.092926979064941406e-01 -6.432306766510009766e-01 1.000000000000000000e+00
-2.191011905670166016e-01 3.863929510116577148e-01 -5.825239419937133789e-01 1.000000000000000000e+00
-2.745892703533172607e-01 3.315109610557556152e-01 -5.145133137702941895e-01 1.000000000000000000e+00
-1.407794803380966187e-01 3.015553057193756104e-01 -6.506130695343017578e-01 1.000000000000000000e+00
-8.647465705871582031e-02 3.000984191894531250e-01 -6.684815287590026855e-01 1.000000000000000000e+00
-2.895532548427581787e-02 2.981801629066467285e-01 -6.663603782653808594e-01 1.000000000000000000e+00
1.532707810401916504e-01 3.092683255672454834e-01 -5.830954313278198242e-01 1.000000000000000000e+00
-5.396702792495489120e-03 3.335517346858978271e-01 -6.501601934432983398e-01 1.000000000000000000e+00
-6.806369870901107788e-02 3.376211822032928467e-01 -6.437720060348510742e-01 1.000000000000000000e+00
-1.291324496269226074e-01 3.397250473499298096e-01 -6.312670111656188965e-01 1.000000000000000000e+00
