-7.118918299674987793e-01 -4.203713834285736084e-01 2.588487863540649414e-01 1.000000000000000000e+00
-6.796616911888122559e-01 -2.290528267621994019e-01 2.933351397514343262e-01 1.000000000000000000e+00
-6.345848441123962402e-01 -1.551285106688737869e-02 3.200912773609161377e-01 0.000000000000000000e+00
-5.809307694435119629e-01 1.757426410913467407e-01 2.668552696704864502e-01 0.000000000000000000e+00
-5.261452794075012207e-01 3.601793050765991211e-01 1.460998356342315674e-01 0.000000000000000000e+00
-4.472824931144714355e-01 5.152137875556945801e-01 -3.603478148579597473e-02 1.000000000000000000e+00
-3.253538310527801514e-01 6.344107389450073242e-01 -1.696668416261672974e-01 1.000000000000000000e+00
-1.819257289171218872e-01 7.205269932746887207e-01 -3.265224397182464600e-01 1.000000000000000000e+00
1.712265220703557134e-04 7.500371336936950684e-01 -3.636159896850585938e-01 1.000000000000000000e+00
1.579520553350448608e-01 7.025312781333923340e-01 -3.748336434364318848e-01 1.000000000000000000e+00
3.281438946723937988e-01 6.048172712326049805e-01 -2.660420835018157959e-01 1.000000000000000000e+00
4.665453433990478516e-01 4.731293022632598877e-01 -1.754692643880844116e-01 1.000000000000000000e+00
5.752312541007995605e-01 3.081856667995452881e-01 -2.468897774815559387e-02 1.000000000000000000e+00
6.440452337265014648e-01 1.174130067229270935e-01 7.364135235548019409e-02 1.000000000000000000e+00
6.959355473518371582e-01 -7.240752130746841431e-02 1.040452197194099426e-01 1.000000000000000000e+00
7.119162678718566895e-01 -2.888078689575195312e-01 5.977607518434524536e-02 1.000000000000000000e+00
7.320463061332702637e-01 -4.823417067527770996e-01 2.147125266492366791e-02 1.000000000000000000e+00
-6.736469864845275879e-01 -4.801836311817169189e-01 -2.223513573408126831e-01 1.000000000000000000e+00
-6.214290857315063477e-01 -6.487314701080322266e-01 -4.035583436489105225e-01 1.000000000000000000e+00
-5.016861557960510254e-01 -6.779001951217651367e-01 -5.620127320289611816e-01 1.000000000000000000e+00
-3.580937683582305908e-01 -6.547397375106811523e-01 -6.530504822731018066e-01 1.000000000000000000e+00
-2.290101349353790283e-01 -6.050276160240173340e-01 -6.906769275665283203e-01 1.000000000000000000e+00
-2.632473409175872803e-02 -6.123013496398925781e-01 -7.237511277198791504e-01 1.000000000000000000e+00
1.038030311465263367e-01 -6.714710593223571777e-01 -7.304934859275817871e-01 1.000000000000000000e+00
2.669112086296081543e-01 -7.088564038276672363e-01 -6.857230663299560547e-01 1.000000000000000000e+00
4.303691983222961426e-01 -6.949462890625000000e-01 -5.673710107803344727e-01 1.000000000000000000e+00
5.440823435783386230e-01 -5.348952412605285645e-01 -4.130780398845672607e-01 1.000000000000000000e+00
-1.218002364039421082e-01 -4.384741783142089844e-01 -7.169225811958312988e-01 1.000000000000000000e+00
-1.270134598016738892e-01 -2.977634668350219727e-01 -7.895770668983459473e-01 1.000000000000000000e+00
-1.340823918581008911e-01 -1.878316253423690796e-01 -8.549034595489501953e-01 1.000000000000000000e+00
-1.368784755468368530e-01 -7.530186325311660767e-02 -9.041697382926940918e-01 1.000000000000000000e+00
-2.201889455318450928e-01 4.932187125086784363e-02 -6.727934479713439941e-01 1.000000000000000000e+00
-1.659792065620422363e-01 6.378339231014251709e-02 -7.098476290702819824e-01 1.000000000000000000e+00
-1.078144758939743042e-01 7.999444007873535156e-02 -7.380388379096984863e-01 1.000000000000000000e+00
-4.550433903932571411e-02 6.005700305104255676e-02 -7.293998599052429199e-01 1.000000000000000000e+00
1.574235223233699799e-02 4.071480408310890198e-02 -7.107165455818176270e-01 1.000000000000000000e+00
-5.536252856254577637e-01 -3.936563730239868164e-01 -4.188893437385559082e-01 1.000000000000000000e+00
-4.819196760654449463e-01 -4.525260329246520996e-01 -5.345259904861450195e-01 1.000000000000000000e+00
-3.849397897720336914e-01 -4.498856663703918457e-01 -5.586208701133728027e-01 1.000000000000000000e+00
-2.916934788227081299e-01 -3.910304307937622070e-01 -5.382746458053588867e-01 1.000000000000000000e+00
-3.732677698135375977e-01 -3.558126986026763916e-01 -5.328407883644104004e-01 1.000000000000000000e+00
-4.656170308589935303e-01 -3.475812971591949463e-01 -5.063941478729248047e-01 1.000000000000000000e+00
8.938506245613098145e-02 -4.059615731239318848e-01 -6.024978160858154297e-01 1.000000000000000000e+00
1.690144389867782593e-01 -4.698494076728820801e-01 -6.500669121742248535e-01 1.000000000000000000e+00
2.680872380733489990e-01 -4.818357527256011963e-01 -6.576640605926513672e-01 1.000000000000000000e+00
3.762040734291076660e-01 -4.316868484020233154e-01 -5.689879655838012695e-01 1.000000000000000000e+00
2.687958776950836182e-01 -3.776602447032928467e-01 -6.268460750579833984e-01 1.000000000000000000e+00
1.725079417228698730e-01 -3.779128491878509521e-01 -6.238317489624023438e-01 1.000000000000000000e+00
-2.819544970989227295e-01 3.332331478595733643e-01 -5.149075984954833984e-01 1.000000000000000000e+00
-2.345883250236511230e-01 2.740869820117950439e-01 -6.396121978759765625e-01 1.000000000000000000e+00
-1.536425948143005371e-01 2.434011250734329224e-01 -7.118661403656005859e-01 1.000000000000000000e+00
-9.867212921380996704e-02 2.459279000759124756e-01 -7.285856008529663086e-01 1.000000000000000000e+00
-4.076597839593887329e-02 2.394047081470489502e-01 -7.300665974617004395e-01 1.000000000000000000e+00
6.114392355084419250e-02 2.626852989196777344e-01 -6.844949126243591309e-01 1.000000000000000000e+00
1.557240188121795654e-01 3.116886615753173828e-01 -5.813719034194946289e-01 1.000000000000000000e+00
9.340749680995941162e-02 3.725190460681915283e-01 -6.247651576995849609e-01 1.000000000000000000e+00
-2.459478564560413361e-03 4.055499434471130371e-01 -6.613268852233886719e-01 1.000000000000000000e+00
-6.748329848051071167e-02 4.166140258312225342e-01 -6.560750603675842285e-01 1.000000000000000000e+00
-1.335292011499404907e-01 4.116049706935882568e-01 -6.409066319465637207e-01 1.000000000000000000e+00
-2.208662778139114380e-01 3.884331285953521729e-01 -5.800232291221618652e-01 1.000000000000000000e+00
-2.758810818195343018e-01 3.329740762710571289e-01 -5.119751691818237305e-01 1.000000000000000000e+00
-1.408651322126388550e-01 3.027657866477966309e-01 -6.495801210403442383e-01 1.000000000000000000e+00
-8.646237105131149292e-02 3.012883067131042480e-01 -6.676070690155029297e-01 1.000000000000000000e+00
-2.883481979370117188e-02 2.994227409362792969e-01 -6.653310656547546387e-01 1.000000000000000000e+00
1.532549858093261719e-01 3.110489547252655029e-01 -5.810406208038330078e-01 1.000000000000000000e+00
-6.605587899684906006e-03 3.363146781921386719e-01 -6.478053331375122070e-01 1.000000000000000000e+00
-6.942728161811828613e-02 3.403442203998565674e-01 -6.413725614547729492e-01 1.000000000000000000e+00
-1.305931657552719116e-01 3.422746658325195312e-01 -6.287360787391662598e-01 1.000000000000000000e+00
