-7.078923583030700684e-01 -3.797890543937683105e-01
-7.001479864120483398e-01 -1.817669868469238281e-01
-6.632302999496459961e-01 6.456019764300435781e-05
-6.244540810585021973e-01 1.498835235834121704e-01
-5.682832598686218262e-01 3.115873336791992188e-01
-4.854660630226135254e-01 4.612708985805511475e-01
-3.590116500854492188e-01 6.016790866851806641e-01
-1.899856775999069214e-01 7.144948840141296387e-01
-2.113061025738716125e-02 7.445672750473022461e-01
1.569220423698425293e-01 7.002472877502441406e-01
3.340646922588348389e-01 5.971221327781677246e-01
4.770508706569671631e-01 4.573980271816253662e-01
5.803143978118896484e-01 2.898932099342346191e-01
6.484773159027099609e-01 9.456721693277359009e-02
6.873797178268432617e-01 -9.352493286132812500e-02
7.041580080986022949e-01 -2.911330461502075195e-01
7.179106473922729492e-01 -4.835470020771026611e-01
-6.736469864845275879e-01 -4.801836311817169189e-01
-6.214290857315063477e-01 -6.487314701080322266e-01
-5.016861557960510254e-01 -6.779001951217651367e-01
-3.580937683582305908e-01 -6.547397375106811523e-01
-2.290101349353790283e-01 -6.050276160240173340e-01
-2.632473409175872803e-02 -6.123013496398925781e-01
1.038030311465263367e-01 -6.714710593223571777e-01
2.669112086296081543e-01 -7.088564038276672363e-01
4.303691983222961426e-01 -6.949462890625000000e-01
5.440823435783386230e-01 -5.348952412605285645e-01
-1.218002364039421082e-01 -4.384741783142089844e-01
-1.270134598016738892e-01 -2.977634668350219727e-01
-1.340823918581008911e-01 -1.878316253423690796e-01
-1.368784755468368530e-01 -7.530186325311660767e-02
-2.201889455318450928e-01 4.932187125086784363e-02
-1.659792065620422363e-01 6.378339231014251709e-02
-1.078144758939743042e-01 7.999444007873535156e-02
-4.550433903932571411e-02 6.005700305104255676e-02
1.574235223233699799e-02 4.071480408310890198e-02
-5.536252856254577637e-01 -3.936563730239868164e-01
-4.819196760654449463e-01 -4.525260329246520996e-01
-3.849397897720336914e-01 -4.498856663703918457e-01
-2.916934788227081299e-01 -3.910304307937622070e-01
-3.732677698135375977e-01 -3.558126986026763916e-01
-4.656170308589935303e-01 -3.475812971591949463e-01
8.938506245613098145e-02 -4.059615731239318848e-01
1.690144389867782593e-01 -4.698494076728820801e-01
2.680872380733489990e-01 -4.818357527256011963e-01
3.762040734291076660e-01 -4.316868484020233154e-01
2.687958776950836182e-01 -3.776602447032928467e-01
1.725079417228698730e-01 -3.779128491878509521e-01
-2.819544970989227295e-01 3.332331478595733643e-01
-2.345883250236511230e-01 2.740869820117950439e-01
-1.536425948143005371e-01 2.434011250734329224e-01
-9.867212921380996704e-02 2.459279000759124756e-01
-4.076597839593887329e-02 2.394047081470489502e-01
6.114392355084419250e-02 2.626852989196777344e-01
1.557240188121795654e-01 3.116886615753173828e-01
9.340749680995941162e-02 3.725190460681915283e-01
-2.459478564560413361e-03 4.055499434471130371e-01
-6.748329848051071167e-02 4.166140258312225342e-01
-1.335292011499404907e-01 4.116049706935882568e-01
-2.208662778139114380e-01 3.884331285953521729e-01
-2.758810818195343018e-01 3.329740762710571289e-01
-1.408651322126388550e-01 3.027657866477966309e-01
-8.646237105131149292e-02 3.012883067131042480e-01
-2.883481979370117188e-02 2.994227409362792969e-01
1.532549858093261719e-01 3.110489547252655029e-01
-6.605587899684906006e-03 3.363146781921386719e-01
-6.942728161811828613e-02 3.403442203998565674e-01
-1.305931657552719116e-01 3.422746658325195312e-01
