-6.869159936904907227e-01 -4.303310215473175049e-01 3.298448622226715088e-01 0.000000000000000000e+00
-6.602600812911987305e-01 -2.372757792472839355e-01 3.682785332202911377e-01 0.000000000000000000e+00
-6.230229139328002930e-01 -2.082907222211360931e-02 3.947371542453765869e-01 0.000000000000000000e+00
-5.986037254333496094e-01 1.696307063102722168e-01 3.401903808116912842e-01 0.000000000000000000e+00
-5.520617365837097168e-01 3.545069098472595215e-01 2.078838497400283813e-01 0.000000000000000000e+00
-4.804316759109497070e-01 5.177661776542663574e-01 4.195712506771087646e-03 1.000000000000000000e+00
-3.713992238044738770e-01 6.532550454139709473e-01 -1.574207842350006104e-01 1.000000000000000000e+00
-2.328380942344665527e-01 7.481425404548645020e-01 -3.317931592464447021e-01 1.000000000000000000e+00
-3.819298744201660156e-02 7.795917987823486328e-01 -3.941132128238677979e-01 1.000000000000000000e+00
1.306620240211486816e-01 7.268300652503967285e-01 -4.183497130870819092e-01 1.000000000000000000e+00
3.200508058071136475e-01 6.175721287727355957e-01 -3.243601620197296143e-01 1.000000000000000000e+00
4.719053804874420166e-01 4.679856300354003906e-01 -2.301583737134933472e-01 1.000000000000000000e+00
6.049790382385253906e-01 2.920520305633544922e-01 -8.136330544948577881e-02 1.000000000000000000e+00
6.803082823753356934e-01 9.758194535970687866e-02 1.753040775656700134e-02 1.000000000000000000e+00
7.151269316673278809e-01 -8.993725478649139404e-02 5.052915960550308228e-02 1.000000000000000000e+00
7.143567204475402832e-01 -3.085313737392425537e-01 5.681233480572700500e-03 1.000000000000000000e+00
7.104684710502624512e-01 -5.034638643264770508e-01 -3.703122586011886597e-02 1.000000000000000000e+00
-6.788375973701477051e-01 -4.861870110034942627e-01 -1.482479274272918701e-01 1.000000000000000000e+00
-6.442951560020446777e-01 -6.455231904983520508e-01 -3.336964547634124756e-01 1.000000000000000000e+00
-5.414797067642211914e-01 -6.721661090850830078e-01 -5.019919276237487793e-01 1.000000000000000000e+00
-4.108192026615142822e-01 -6.531711220741271973e-01 -6.036345362663269043e-01 1.000000000000000000e+00
-2.875514328479766846e-01 -6.116330027580261230e-01 -6.495887637138366699e-01 1.000000000000000000e+00
-9.892515093088150024e-02 -6.191062927246093750e-01 -7.010715603828430176e-01 1.000000000000000000e+00
2.470259368419647217e-02 -6.716778874397277832e-01 -7.242047190666198730e-01 1.000000000000000000e+00
1.848080605268478394e-01 -7.075803875923156738e-01 -6.952594518661499023e-01 1.000000000000000000e+00
3.531302213668823242e-01 -6.978005766868591309e-01 -5.901975631713867188e-01 1.000000000000000000e+00
4.822708070278167725e-01 -5.486587285995483398e-01 -4.475238621234893799e-01 1.000000000000000000e+00
-1.869363039731979370e-01 -4.673866331577301025e-01 -6.888138055801391602e-01 1.000000000000000000e+00
-2.008321285247802734e-01 -3.340653479099273682e-01 -7.651682496070861816e-01 1.000000000000000000e+00
-2.139692604541778564e-01 -2.230873107910156250e-01 -8.312062621116638184e-01 1.000000000000000000e+00
-2.209333181381225586e-01 -1.079948693513870239e-01 -8.827927112579345703e-01 1.000000000000000000e+00
-2.820667624473571777e-01 8.683130145072937012e-03 -6.335741281509399414e-01 1.000000000000000000e+00
-2.312208563089370728e-01 2.416791208088397980e-02 -6.792127490043640137e-01 1.000000000000000000e+00
-1.767545938491821289e-01 4.148834198713302612e-02 -7.144204378128051758e-01 1.000000000000000000e+00
-1.148666515946388245e-01 2.000798098742961884e-02 -7.117819190025329590e-01 1.000000000000000000e+00
-5.143457651138305664e-02 -1.348152909486088902e-05 -6.946668028831481934e-01 1.000000000000000000e+00
-5.667676925659179688e-01 -4.114197194576263428e-01 -3.423667848110198975e-01 1.000000000000000000e+00
-5.083831548690795898e-01 -4.677036404609680176e-01 -4.606000781059265137e-01 1.000000000000000000e+00
-4.141322970390319824e-01 -4.684547781944274902e-01 -4.912621676921844482e-01 1.000000000000000000e+00
-3.170254230499267578e-01 -4.183518588542938232e-01 -4.775922000408172607e-01 1.000000000000000000e+00
-4.002885222434997559e-01 -3.797835707664489746e-01 -4.687396585941314697e-01 1.000000000000000000e+00
-4.872443974018096924e-01 -3.707690834999084473e-01 -4.350927770137786865e-01 1.000000000000000000e+00
2.104825712740421295e-02 -4.348645508289337158e-01 -5.711796879768371582e-01 1.000000000000000000e+00
9.555497020483016968e-02 -4.913488328456878662e-01 -6.285540461540222168e-01 1.000000000000000000e+00
1.921996027231216431e-01 -5.005360841751098633e-01 -6.476918458938598633e-01 1.000000000000000000e+00
3.034478724002838135e-01 -4.539877772331237793e-01 -5.697961449623107910e-01 1.000000000000000000e+00
1.937852203845977783e-01 -4.037721157073974609e-01 -6.160655617713928223e-01 1.000000000000000000e+00
1.013764366507530212e-01 -4.041281640529632568e-01 -6.042852401733398438e-01 1.000000000000000000e+00
-3.298657536506652832e-01 3.201843202114105225e-01 -4.906529188156127930e-01 1.000000000000000000e+00
-2.970507442951202393e-01 2.493948787450790405e-01 -6.169646978378295898e-01 1.000000000000000000e+00
-2.222986519336700439e-01 2.141569405794143677e-01 -6.959066390991210938e-01 1.000000000000000000e+00
-1.678201258182525635e-01 2.158942967653274536e-01 -7.180680036544799805e-01 1.000000000000000000e+00
-1.090036183595657349e-01 2.102338820695877075e-01 -7.270812392234802246e-01 1.000000000000000000e+00
-1.048555248416960239e-03 2.384346872568130493e-01 -6.937758922576904297e-01 1.000000000000000000e+00
1.006789728999137878e-01 3.008981347084045410e-01 -6.018751263618469238e-01 1.000000000000000000e+00
3.406709060072898865e-02 3.657537996768951416e-01 -6.358758807182312012e-01 1.000000000000000000e+00
-6.349514424800872803e-02 3.979751765727996826e-01 -6.591117978096008301e-01 1.000000000000000000e+00
-1.268449872732162476e-01 4.075994491577148438e-01 -6.471443772315979004e-01 1.000000000000000000e+00
-1.905219554901123047e-01 4.026278257369995117e-01 -6.261640191078186035e-01 1.000000000000000000e+00
-2.725129127502441406e-01 3.797884285449981689e-01 -5.611613988876342773e-01 1.000000000000000000e+00
-3.231632411479949951e-01 3.190729916095733643e-01 -4.879001975059509277e-01 1.000000000000000000e+00
-2.029726505279541016e-01 2.781553566455841064e-01 -6.350199580192565918e-01 1.000000000000000000e+00
-1.488453745841979980e-01 2.740987539291381836e-01 -6.579338312149047852e-01 1.000000000000000000e+00
-8.979383111000061035e-02 2.770554423332214355e-01 -6.635213494300842285e-01 1.000000000000000000e+00
9.833967685699462891e-02 3.000040948390960693e-01 -6.010153889656066895e-01 1.000000000000000000e+00
-6.537156552076339722e-02 3.295297324657440186e-01 -6.442214250564575195e-01 1.000000000000000000e+00
-1.259011775255203247e-01 3.332255780696868896e-01 -6.320734024047851562e-01 1.000000000000000000e+00
-1.863508075475692749e-01 3.346538245677947998e-01 -6.136424541473388672e-01 1.000000000000000000e+00
