-6.869785189628601074e-01 -3.805323243141174316e-01
-6.909350752830505371e-01 -2.000308036804199219e-01
-6.548365354537963867e-01 -2.026427537202835083e-02
-6.289698481559753418e-01 1.355772912502288818e-01
-5.825886726379394531e-01 2.975147068500518799e-01
-5.147467255592346191e-01 4.538765549659729004e-01
-4.099199175834655762e-01 6.093286275863647461e-01
-2.429855018854141235e-01 7.430068254470825195e-01
-6.755619496107101440e-02 7.736461162567138672e-01
1.306506991386413574e-01 7.255777716636657715e-01
3.226725757122039795e-01 6.152828335762023926e-01
4.736698567867279053e-01 4.616726636886596680e-01
6.037045121192932129e-01 2.844837009906768799e-01
6.810661554336547852e-01 8.620452135801315308e-02
7.066469192504882812e-01 -1.036365777254104614e-01
7.072053551673889160e-01 -3.081102371215820312e-01
7.053663730621337891e-01 -5.060840845108032227e-01
-6.788375973701477051e-01 -4.861870110034942627e-01
-6.442951560020446777e-01 -6.455231904983520508e-01
-5.414797067642211914e-01 -6.721661090850830078e-01
-4.108192026615142822e-01 -6.531711220741271973e-01
-2.875514328479766846e-01 -6.116330027580261230e-01
-9.892515093088150024e-02 -6.191062927246093750e-01
2.470259368419647217e-02 -6.716778874397277832e-01
1.848080605268478394e-01 -7.075803875923156738e-01
3.531302213668823242e-01 -6.978005766868591309e-01
4.822708070278167725e-01 -5.486587285995483398e-01
-1.869363039731979370e-01 -4.673866331577301025e-01
-2.008321285247802734e-01 -3.340653479099273682e-01
-2.139692604541778564e-01 -2.230873107910156250e-01
-2.209333181381225586e-01 -1.079948693513870239e-01
-2.820667624473571777e-01 8.683130145072937012e-03
-2.312208563089370728e-01 2.416791208088397980e-02
-1.767545938491821289e-01 4.148834198713302612e-02
-1.148666515946388245e-01 2.000798098742961884e-02
-5.143457651138305664e-02 -1.348152909486088902e-05
-5.667676925659179688e-01 -4.114197194576263428e-01
-5.083831548690795898e-01 -4.677036404609680176e-01
-4.141322970390319824e-01 -4.684547781944274902e-01
-3.170254230499267578e-01 -4.183518588542938232e-01
-4.002885222434997559e-01 -3.797835707664489746e-01
-4.872443974018096924e-01 -3.707690834999084473e-01
2.104825712740421295e-02 -4.348645508289337158e-01
9.555497020483016968e-02 -4.913488328456878662e-01
1.921996027231216431e-01 -5.005360841751098633e-01
3.034478724002838135e-01 -4.539877772331237793e-01
1.937852203845977783e-01 -4.037721157073974609e-01
1.013764366507530212e-01 -4.041281640529632568e-01
-3.298657536506652832e-01 3.201843202114105225e-01
-2.970507442951202393e-01 2.493948787450790405e-01
-2.222986519336700439e-01 2.141569405794143677e-01
-1.678201258182525635e-01 2.158942967653274536e-01
-1.090036183595657349e-01 2.102338820695877075e-01
-1.048555248416960239e-03 2.384346872568130493e-01
1.006789728999137878e-01 3.008981347084045410e-01
3.406709060072898865e-02 3.657537996768951416e-01
-6.349514424800872803e-02 3.979751765727996826e-01
-1.268449872732162476e-01 4.075994491577148438e-01
-1.905219554901123047e-01 4.026278257369995117e-01
-2.725129127502441406e-01 3.797884285449981689e-01
-3.231632411479949951e-01 3.190729916095733643e-01
-2.029726505279541016e-01 2.781553566455841064e-01
-1.488453745841979980e-01 2.740987539291381836e-01
-8.979383111000061035e-02 2.770554423332214355e-01
9.833967685699462891e-02 3.000040948390960693e-01
-6.537156552076339722e-02 3.295297324657440186e-01
-1.259011775255203247e-01 3.332255780696868896e-01
-1.863508075475692749e-01 3.346538245677947998e-01
