-7.081466913223266602e-01 -3.792948424816131592e-01
-7.004402875900268555e-01 -1.811726093292236328e-01
-6.634117364883422852e-01 9.715837077237665653e-04
-6.241189241409301758e-01 1.510001420974731445e-01
-5.672186613082885742e-01 3.130151629447937012e-01
-4.837144911289215088e-01 4.628192186355590820e-01
-3.567565381526947021e-01 6.034672260284423828e-01
-1.875023543834686279e-01 7.160723805427551270e-01
-1.871488429605960846e-02 7.453206777572631836e-01
1.588787883520126343e-01 6.999781131744384766e-01
3.352203071117401123e-01 5.960060358047485352e-01
4.775621891021728516e-01 4.560181498527526855e-01
5.806239247322082520e-01 2.886690199375152588e-01
6.486744880676269531e-01 9.354640543460845947e-02
6.872596740722656250e-01 -9.435304999351501465e-02
7.038641571998596191e-01 -2.916964590549468994e-01
7.176058888435363770e-01 -4.839175939559936523e-01
-6.737050414085388184e-01 -4.799171388149261475e-01
-6.214079260826110840e-01 -6.485761404037475586e-01
-5.016987323760986328e-01 -6.780679225921630859e-01
-3.582091629505157471e-01 -6.553751230239868164e-01
-2.291399836540222168e-01 -6.056630015373229980e-01
-2.630333974957466125e-02 -6.131232380867004395e-01
1.038481146097183228e-01 -6.723150610923767090e-01
2.668677568435668945e-01 -7.092012166976928711e-01
4.301557242870330811e-01 -6.949138641357421875e-01
5.437778234481811523e-01 -5.348830223083496094e-01
-1.218343153595924377e-01 -4.387248456478118896e-01
-1.270127594470977783e-01 -2.978151142597198486e-01
-1.340894401073455811e-01 -1.878940761089324951e-01
-1.368668079376220703e-01 -7.534107565879821777e-02
-2.204760313034057617e-01 4.903106763958930969e-02
-1.660737544298171997e-01 6.346324831247329712e-02
-1.078270077705383301e-01 7.967751473188400269e-02
-4.547041282057762146e-02 5.968827381730079651e-02
1.591674052178859711e-02 4.037572070956230164e-02
-5.536382794380187988e-01 -3.936952352523803711e-01
-4.819321632385253906e-01 -4.525616168975830078e-01
-3.849336206912994385e-01 -4.499176144599914551e-01
-2.916980683803558350e-01 -3.910718858242034912e-01
-3.732767701148986816e-01 -3.558812439441680908e-01
-4.656536877155303955e-01 -3.476321101188659668e-01
8.938252180814743042e-02 -4.059894084930419922e-01
1.689877659082412720e-01 -4.699906408786773682e-01
2.680993676185607910e-01 -4.820214211940765381e-01
3.762140870094299316e-01 -4.317290186882019043e-01
2.688243687152862549e-01 -3.777031600475311279e-01
1.725045889616012573e-01 -3.779514729976654053e-01
-2.813537716865539551e-01 3.331584632396697998e-01
-2.345560640096664429e-01 2.733877003192901611e-01
-1.537158340215682983e-01 2.426905781030654907e-01
-9.877675026655197144e-02 2.452128976583480835e-01
-4.096433892846107483e-02 2.386798262596130371e-01
6.046507880091667175e-02 2.618066072463989258e-01
1.540813297033309937e-01 3.102146387100219727e-01
9.189929068088531494e-02 3.713506162166595459e-01
-3.586366539821028709e-03 4.050237834453582764e-01
-6.833301484584808350e-02 4.165514707565307617e-01
-1.340984255075454712e-01 4.118122458457946777e-01
-2.207011431455612183e-01 3.887614309787750244e-01
-2.753985226154327393e-01 3.329580724239349365e-01
-1.408997029066085815e-01 3.020633161067962646e-01
-8.667905628681182861e-02 3.005487024784088135e-01
-2.921457029879093170e-02 2.986817955970764160e-01
1.516606509685516357e-01 3.095875978469848633e-01
-8.280347101390361786e-03 3.353822231292724609e-01
-7.081059366464614868e-02 3.398663699626922607e-01
-1.315780282020568848e-01 3.420837521553039551e-01
