-7.120745778083801270e-01 -4.199863076210021973e-01 2.591008245944976807e-01 1.000000000000000000e+00
-6.797356009483337402e-01 -2.285544127225875854e-01 2.936691641807556152e-01 1.000000000000000000e+00
-6.344001293182373047e-01 -1.477216929197311401e-02 3.205731511116027832e-01 0.000000000000000000e+00
-5.803501605987548828e-01 1.767016500234603882e-01 2.674086987972259521e-01 0.000000000000000000e+00
-5.250981450080871582e-01 3.615039288997650146e-01 1.467112451791763306e-01 0.000000000000000000e+00
-4.454644024372100830e-01 5.168569684028625488e-01 -3.544333204627037048e-02 1.000000000000000000e+00
-3.230334818363189697e-01 6.362423300743103027e-01 -1.692334264516830444e-01 1.000000000000000000e+00
-1.793658137321472168e-01 7.220967411994934082e-01 -3.259782493114471436e-01 1.000000000000000000e+00
2.751779044046998024e-03 7.507449388504028320e-01 -3.637914955615997314e-01 1.000000000000000000e+00
1.599856615066528320e-01 7.022965550422668457e-01 -3.755709528923034668e-01 1.000000000000000000e+00
3.293914496898651123e-01 6.037563085556030273e-01 -2.673953771591186523e-01 1.000000000000000000e+00
4.671273827552795410e-01 4.717611372470855713e-01 -1.766719371080398560e-01 1.000000000000000000e+00
5.757400989532470703e-01 3.070601522922515869e-01 -2.559397742152214050e-02 1.000000000000000000e+00
6.443192958831787109e-01 1.164643689990043640e-01 7.295923680067062378e-02 1.000000000000000000e+00
6.959238052368164062e-01 -7.315038144588470459e-02 1.035389676690101624e-01 1.000000000000000000e+00
7.117020487785339355e-01 -2.892858386039733887e-01 5.948123335838317871e-02 1.000000000000000000e+00
7.317831516265869141e-01 -4.826925098896026611e-01 2.126422896981239319e-02 1.000000000000000000e+00
-6.737050414085388184e-01 -4.799171388149261475e-01 -2.223358899354934692e-01 1.000000000000000000e+00
-6.214079260826110840e-01 -6.485761404037475586e-01 -4.036799073219299316e-01 1.000000000000000000e+00
-5.016987323760986328e-01 -6.780679225921630859e-01 -5.620717406272888184e-01 1.000000000000000000e+00
-3.582091629505157471e-01 -6.553751230239868164e-01 -6.531004309654235840e-01 1.000000000000000000e+00
-2.291399836540222168e-01 -6.056630015373229980e-01 -6.906129717826843262e-01 1.000000000000000000e+00
-2.630333974957466125e-02 -6.131232380867004395e-01 -7.237244844436645508e-01 1.000000000000000000e+00
1.038481146097183228e-01 -6.723150610923767090e-01 -7.305899858474731445e-01 1.000000000000000000e+00
2.668677568435668945e-01 -7.092012166976928711e-01 -6.857188344001770020e-01 1.000000000000000000e+00
4.301557242870330811e-01 -6.949138641357421875e-01 -5.674365758895874023e-01 1.000000000000000000e+00
5.437778234481811523e-01 -5.348830223083496094e-01 -4.131821691989898682e-01 1.000000000000000000e+00
-1.218343153595924377e-01 -4.387248456478118896e-01 -7.168145179748535156e-01 1.000000000000000000e+00
-1.270127594470977783e-01 -2.978151142597198486e-01 -7.894932031631469727e-01 1.000000000000000000e+00
-1.340894401073455811e-01 -1.878940761089324951e-01 -8.548632264137268066e-01 1.000000000000000000e+00
-1.368668079376220703e-01 -7.534107565879821777e-02 -9.040758013725280762e-01 1.000000000000000000e+00
-2.204760313034057617e-01 4.903106763958930969e-02 -6.727719902992248535e-01 1.000000000000000000e+00
-1.660737544298171997e-01 6.346324831247329712e-02 -7.097095847129821777e-01 1.000000000000000000e+00
-1.078270077705383301e-01 7.967751473188400269e-02 -7.379313707351684570e-01 1.000000000000000000e+00
-4.547041282057762146e-02 5.968827381730079651e-02 -7.292072176933288574e-01 1.000000000000000000e+00
1.591674052178859711e-02 4.037572070956230164e-02 -7.107024788856506348e-01 1.000000000000000000e+00
-5.536382794380187988e-01 -3.936952352523803711e-01 -4.189108014106750488e-01 1.000000000000000000e+00
-4.819321632385253906e-01 -4.525616168975830078e-01 -5.345461368560791016e-01 1.000000000000000000e+00
-3.849336206912994385e-01 -4.499176144599914551e-01 -5.586223602294921875e-01 1.000000000000000000e+00
-2.916980683803558350e-01 -3.910718858242034912e-01 -5.382664203643798828e-01 1.000000000000000000e+00
-3.732767701148986816e-01 -3.558812439441680908e-01 -5.328222513198852539e-01 1.000000000000000000e+00
-4.656536877155303955e-01 -3.476321101188659668e-01 -5.064185261726379395e-01 1.000000000000000000e+00
8.938252180814743042e-02 -4.059894084930419922e-01 -6.024606227874755859e-01 1.000000000000000000e+00
1.689877659082412720e-01 -4.699906408786773682e-01 -6.500794887542724609e-01 1.000000000000000000e+00
2.680993676185607910e-01 -4.820214211940765381e-01 -6.576654911041259766e-01 1.000000000000000000e+00
3.762140870094299316e-01 -4.317290186882019043e-01 -5.689204931259155273e-01 1.000000000000000000e+00
2.688243687152862549e-01 -3.777031600475311279e-01 -6.267887353897094727e-01 1.000000000000000000e+00
1.725045889616012573e-01 -3.779514729976654053e-01 -6.237540841102600098e-01 1.000000000000000000e+00
-2.813537716865539551e-01 3.331584632396697998e-01 -5.153663158416748047e-01 1.000000000000000000e+00
-2.345560640096664429e-01 2.733877003192901611e-01 -6.400985717773437500e-01 1.000000000000000000e+00
-1.537158340215682983e-01 2.426905781030654907e-01 -7.121552824974060059e-01 1.000000000000000000e+00
-9.877675026655197144e-02 2.452128976583480835e-01 -7.288467884063720703e-01 1.000000000000000000e+00
-4.096433892846107483e-02 2.386798262596130371e-01 -7.302696108818054199e-01 1.000000000000000000e+00
6.046507880091667175e-02 2.618066072463989258e-01 -6.849989295005798340e-01 1.000000000000000000e+00
1.540813297033309937e-01 3.102146387100219727e-01 -5.825978517532348633e-01 1.000000000000000000e+00
9.189929068088531494e-02 3.713506162166595459e-01 -6.258982419967651367e-01 1.000000000000000000e+00
-3.586366539821028709e-03 4.050237834453582764e-01 -6.622016429901123047e-01 1.000000000000000000e+00
-6.833301484584808350e-02 4.165514707565307617e-01 -6.566087603569030762e-01 1.000000000000000000e+00
-1.340984255075454712e-01 4.118122458457946777e-01 -6.412100195884704590e-01 1.000000000000000000e+00
-2.207011431455612183e-01 3.887614309787750244e-01 -5.799704194068908691e-01 1.000000000000000000e+00
-2.753985226154327393e-01 3.329580724239349365e-01 -5.123581290245056152e-01 1.000000000000000000e+00
-1.408997029066085815e-01 3.020633161067962646e-01 -6.501816511154174805e-01 1.000000000000000000e+00
-8.667905628681182861e-02 3.005487024784088135e-01 -6.680789589881896973e-01 1.000000000000000000e+00
-2.921457029879093170e-02 2.986817955970764160e-01 -6.658690571784973145e-01 1.000000000000000000e+00
1.516606509685516357e-01 3.095875978469848633e-01 -5.822386741638183594e-01 1.000000000000000000e+00
-8.280347101390361786e-03 3.353822231292724609e-01 -6.486401557922363281e-01 1.000000000000000000e+00
-7.081059366464614868e-02 3.398663699626922607e-01 -6.418952345848083496e-01 1.000000000000000000e+00
-1.315780282020568848e-01 3.420837521553039551e-01 -6.291253566741943359e-01 1.000000000000000000e+00
