-7.311256527900695801e-01 -3.536917567253112793e-01
-7.078501582145690918e-01 -1.596383750438690186e-01
-6.903488636016845703e-01 2.706438116729259491e-02
-6.555071473121643066e-01 2.073713839054107666e-01
-5.789215564727783203e-01 3.733421862125396729e-01
-4.789016842842102051e-01 5.261048078536987305e-01
-3.233795762062072754e-01 6.494666934013366699e-01
-1.270880401134490967e-01 7.221189737319946289e-01
5.319265648722648621e-02 7.437907457351684570e-01
2.257879525423049927e-01 7.010778784751892090e-01
4.083724617958068848e-01 6.118970513343811035e-01
5.328476428985595703e-01 4.746593236923217773e-01
6.121807694435119629e-01 3.198565542697906494e-01
6.655225753784179688e-01 1.541124135255813599e-01
6.842679977416992188e-01 -2.261435985565185547e-02
6.925477981567382812e-01 -2.056653350591659546e-01
7.080115079879760742e-01 -3.961867094039916992e-01
-6.085444092750549316e-01 -4.413527250289916992e-01
-5.154334902763366699e-01 -6.063635349273681641e-01
-3.714239001274108887e-01 -6.395674943923950195e-01
-2.200449854135513306e-01 -6.217206716537475586e-01
-9.247074276208877563e-02 -5.771397948265075684e-01
9.766612201929092407e-02 -5.834700465202331543e-01
2.219809293746948242e-01 -6.355585455894470215e-01
3.694801330566406250e-01 -6.615760922431945801e-01
5.084367990493774414e-01 -6.389936208724975586e-01
6.026059985160827637e-01 -4.809463024139404297e-01
8.055664598941802979e-03 -4.170841276645660400e-01
1.417603716254234314e-02 -2.881699204444885254e-01
1.745038107037544250e-02 -1.933871060609817505e-01
2.177147753536701202e-02 -9.443534910678863525e-02
-1.032616421580314636e-01 3.206755965948104858e-02
-4.109666496515274048e-02 4.524802789092063904e-02
1.888510212302207947e-02 6.057016551494598389e-02
7.796115428209304810e-02 4.282226040959358215e-02
1.373024582862854004e-01 2.695186436176300049e-02
-4.476170539855957031e-01 -3.626405298709869385e-01
-3.588788807392120361e-01 -4.064897298812866211e-01
-2.649981379508972168e-01 -4.062159657478332520e-01
-1.767159253358840942e-01 -3.659243881702423096e-01
-2.588670849800109863e-01 -3.372663855552673340e-01
-3.508300781250000000e-01 -3.292532563209533691e-01
1.853843927383422852e-01 -3.759144544601440430e-01
2.726375460624694824e-01 -4.203722178936004639e-01
3.663395047187805176e-01 -4.268683493137359619e-01
4.541464745998382568e-01 -3.882580399513244629e-01
3.613251149654388428e-01 -3.487853407859802246e-01
2.696408927440643311e-01 -3.516170084476470947e-01
-1.934634894132614136e-01 3.227520585060119629e-01
-1.261876672506332397e-01 2.549843490123748779e-01
-3.177286684513092041e-02 2.227472960948944092e-01
2.585675194859504700e-02 2.261687070131301880e-01
8.388575166463851929e-02 2.201321125030517578e-01
1.785025298595428467e-01 2.474302351474761963e-01
2.550181448459625244e-01 3.038321137428283691e-01
1.950223594903945923e-01 3.587196767330169678e-01
1.071292385458946228e-01 3.863359689712524414e-01
4.290685057640075684e-02 3.964551091194152832e-01
-2.422299422323703766e-02 3.919721841812133789e-01
-1.197484582662582397e-01 3.743248283863067627e-01
-1.876440495252609253e-01 3.228171765804290771e-01
-3.070782870054244995e-02 2.847495973110198975e-01
2.748057618737220764e-02 2.833033204078674316e-01
8.546898514032363892e-02 2.841976881027221680e-01
2.525909245014190674e-01 3.033263087272644043e-01
1.008964031934738159e-01 3.207477927207946777e-01
3.891191259026527405e-02 3.240256607532501221e-01
-2.429735474288463593e-02 3.268179595470428467e-01
