-7.400802373886108398e-01 -3.546793758869171143e-01 2.294029742479324341e-01 1.000000000000000000e+00
-7.184432744979858398e-01 -1.617416739463806152e-01 2.566906213760375977e-01 1.000000000000000000e+00
-6.922335028648376465e-01 5.608903244137763977e-02 2.724664509296417236e-01 1.000000000000000000e+00
-6.591542959213256836e-01 2.450688034296035767e-01 2.167885154485702515e-01 1.000000000000000000e+00
-5.764074921607971191e-01 4.143185615539550781e-01 9.230617433786392212e-02 1.000000000000000000e+00
-4.619479179382324219e-01 5.570732951164245605e-01 -9.104036539793014526e-02 1.000000000000000000e+00
-3.064043521881103516e-01 6.655156612396240234e-01 -2.151410281658172607e-01 1.000000000000000000e+00
-1.245291978120803833e-01 7.258520722389221191e-01 -3.484421372413635254e-01 1.000000000000000000e+00
6.518474966287612915e-02 7.539007067680358887e-01 -3.611727654933929443e-01 1.000000000000000000e+00
2.230525463819503784e-01 7.050608396530151367e-01 -3.382501006126403809e-01 1.000000000000000000e+00
3.875743150711059570e-01 6.327901482582092285e-01 -2.002038657665252686e-01 1.000000000000000000e+00
5.164811611175537109e-01 5.115763545036315918e-01 -7.254493981599807739e-02 1.000000000000000000e+00
6.067687869071960449e-01 3.656666576862335205e-01 1.124944165349006653e-01 1.000000000000000000e+00
6.651523113250732422e-01 1.934073269367218018e-01 2.388300895690917969e-01 0.000000000000000000e+00
6.821107864379882812e-01 9.195656515657901764e-03 2.890149652957916260e-01 1.000000000000000000e+00
6.980082988739013672e-01 -2.072190642356872559e-01 2.626499831676483154e-01 1.000000000000000000e+00
7.157567143440246582e-01 -4.006772339344024658e-01 2.377906441688537598e-01 1.000000000000000000e+00
-6.085444092750549316e-01 -4.413527250289916992e-01 -2.217675894498825073e-01 1.000000000000000000e+00
-5.154334902763366699e-01 -6.063635349273681641e-01 -3.737645149230957031e-01 1.000000000000000000e+00
-3.714239001274108887e-01 -6.395674943923950195e-01 -5.029327869415283203e-01 1.000000000000000000e+00
-2.200449854135513306e-01 -6.217206716537475586e-01 -5.658645629882812500e-01 1.000000000000000000e+00
-9.247074276208877563e-02 -5.771397948265075684e-01 -5.784513950347900391e-01 1.000000000000000000e+00
9.766612201929092407e-02 -5.834700465202331543e-01 -5.786148309707641602e-01 1.000000000000000000e+00
2.219809293746948242e-01 -6.355585455894470215e-01 -5.674138069152832031e-01 1.000000000000000000e+00
3.694801330566406250e-01 -6.615760922431945801e-01 -5.010241866111755371e-01 1.000000000000000000e+00
5.084367990493774414e-01 -6.389936208724975586e-01 -3.641607463359832764e-01 1.000000000000000000e+00
6.026059985160827637e-01 -4.809463024139404297e-01 -2.109069675207138062e-01 1.000000000000000000e+00
8.055664598941802979e-03 -4.170841276645660400e-01 -5.839437246322631836e-01 1.000000000000000000e+00
1.417603716254234314e-02 -2.881699204444885254e-01 -6.599597334861755371e-01 1.000000000000000000e+00
1.745038107037544250e-02 -1.933871060609817505e-01 -7.307921648025512695e-01 1.000000000000000000e+00
2.177147753536701202e-02 -9.443534910678863525e-02 -7.845654487609863281e-01 1.000000000000000000e+00
-1.032616421580314636e-01 3.206755965948104858e-02 -5.959936976432800293e-01 1.000000000000000000e+00
-4.109666496515274048e-02 4.524802789092063904e-02 -6.223269104957580566e-01 1.000000000000000000e+00
1.888510212302207947e-02 6.057016551494598389e-02 -6.415153741836547852e-01 1.000000000000000000e+00
7.796115428209304810e-02 4.282226040959358215e-02 -6.232326030731201172e-01 1.000000000000000000e+00
1.373024582862854004e-01 2.695186436176300049e-02 -5.960848331451416016e-01 1.000000000000000000e+00
-4.476170539855957031e-01 -3.626405298709869385e-01 -4.020831584930419922e-01 1.000000000000000000e+00
-3.588788807392120361e-01 -4.064897298812866211e-01 -4.989642798900604248e-01 1.000000000000000000e+00
-2.649981379508972168e-01 -4.062159657478332520e-01 -5.043256878852844238e-01 1.000000000000000000e+00
-1.767159253358840942e-01 -3.659243881702423096e-01 -4.700765609741210938e-01 1.000000000000000000e+00
-2.588670849800109863e-01 -3.372663855552673340e-01 -4.845705032348632812e-01 1.000000000000000000e+00
-3.508300781250000000e-01 -3.292532563209533691e-01 -4.751167297363281250e-01 1.000000000000000000e+00
1.853843927383422852e-01 -3.759144544601440430e-01 -4.752072393894195557e-01 1.000000000000000000e+00
2.726375460624694824e-01 -4.203722178936004639e-01 -5.070030093193054199e-01 1.000000000000000000e+00
3.663395047187805176e-01 -4.268683493137359619e-01 -4.997411966323852539e-01 1.000000000000000000e+00
4.541464745998382568e-01 -3.882580399513244629e-01 -3.991100192070007324e-01 1.000000000000000000e+00
3.613251149654388428e-01 -3.487853407859802246e-01 -4.757256805896759033e-01 1.000000000000000000e+00
2.696408927440643311e-01 -3.516170084476470947e-01 -4.872020184993743896e-01 1.000000000000000000e+00
-1.934634894132614136e-01 3.227520585060119629e-01 -4.946416914463043213e-01 1.000000000000000000e+00
-1.261876672506332397e-01 2.549843490123748779e-01 -5.988998413085937500e-01 1.000000000000000000e+00
-3.177286684513092041e-02 2.227472960948944092e-01 -6.528483629226684570e-01 1.000000000000000000e+00
2.585675194859504700e-02 2.261687070131301880e-01 -6.605928540229797363e-01 1.000000000000000000e+00
8.388575166463851929e-02 2.201321125030517578e-01 -6.525143980979919434e-01 1.000000000000000000e+00
1.785025298595428467e-01 2.474302351474761963e-01 -5.942897200584411621e-01 1.000000000000000000e+00
2.550181448459625244e-01 3.038321137428283691e-01 -4.899248182773590088e-01 1.000000000000000000e+00
1.950223594903945923e-01 3.587196767330169678e-01 -5.471587181091308594e-01 1.000000000000000000e+00
1.071292385458946228e-01 3.863359689712524414e-01 -6.032028794288635254e-01 1.000000000000000000e+00
4.290685057640075684e-02 3.964551091194152832e-01 -6.092017292976379395e-01 1.000000000000000000e+00
-2.422299422323703766e-02 3.919721841812133789e-01 -6.021913886070251465e-01 1.000000000000000000e+00
-1.197484582662582397e-01 3.743248283863067627e-01 -5.528935194015502930e-01 1.000000000000000000e+00
-1.876440495252609253e-01 3.228171765804290771e-01 -4.912115633487701416e-01 1.000000000000000000e+00
-3.070782870054244995e-02 2.847495973110198975e-01 -5.975095033645629883e-01 1.000000000000000000e+00
2.748057618737220764e-02 2.833033204078674316e-01 -6.051068902015686035e-01 1.000000000000000000e+00
8.546898514032363892e-02 2.841976881027221680e-01 -5.947446823120117188e-01 1.000000000000000000e+00
2.525909245014190674e-01 3.033263087272644043e-01 -4.900176823139190674e-01 1.000000000000000000e+00
1.008964031934738159e-01 3.207477927207946777e-01 -5.825250744819641113e-01 1.000000000000000000e+00
3.891191259026527405e-02 3.240256607532501221e-01 -5.869127511978149414e-01 1.000000000000000000e+00
-2.429735474288463593e-02 3.268179595470428467e-01 -5.836991667747497559e-01 1.000000000000000000e+00
