-7.296663522720336914e-01 -3.553349673748016357e-01
-7.072235941886901855e-01 -1.619466245174407959e-01
-6.908357143402099609e-01 2.350448817014694214e-02
-6.572050452232360840e-01 2.030786275863647461e-01
-5.819103717803955078e-01 3.686926066875457764e-01
-4.849077463150024414e-01 5.222819447517395020e-01
-3.335555791854858398e-01 6.484830975532531738e-01
-1.411767154932022095e-01 7.272079586982727051e-01
3.920178487896919250e-02 7.543965578079223633e-01
2.142098248004913330e-01 7.134693861007690430e-01
3.996785283088684082e-01 6.239312291145324707e-01
5.268934965133666992e-01 4.847504496574401855e-01
6.088830828666687012e-01 3.279749751091003418e-01
6.647558808326721191e-01 1.600677669048309326e-01
6.848136186599731445e-01 -1.760686747729778290e-02
6.935122609138488770e-01 -2.011358588933944702e-01
7.088127136230468750e-01 -3.939201533794403076e-01
-6.083846092224121094e-01 -4.433456063270568848e-01
-5.164730548858642578e-01 -6.123631000518798828e-01
-3.738650083541870117e-01 -6.454463601112365723e-01
-2.224022448062896729e-01 -6.265071034431457520e-01
-9.381327778100967407e-02 -5.797559618949890137e-01
9.886207431554794312e-02 -5.850279331207275391e-01
2.242411524057388306e-01 -6.388418674468994141e-01
3.721110820770263672e-01 -6.671509146690368652e-01
5.103119015693664551e-01 -6.442247033119201660e-01
6.034272909164428711e-01 -4.811468124389648438e-01
8.285152725875377655e-03 -4.156527519226074219e-01
1.408868934959173203e-02 -2.852626442909240723e-01
1.728687435388565063e-02 -1.889299303293228149e-01
2.167399600148200989e-02 -8.856476098299026489e-02
-1.017658188939094543e-01 4.087339341640472412e-02
-4.053509980440139771e-02 5.252410098910331726e-02
1.889685168862342834e-02 6.727128475904464722e-02
7.723316550254821777e-02 5.036985129117965698e-02
1.354685127735137939e-01 3.612429648637771606e-02
-4.488970935344696045e-01 -3.675836622714996338e-01
-3.614702820777893066e-01 -4.252157807350158691e-01
-2.639596164226531982e-01 -4.224946200847625732e-01
-1.762563139200210571e-01 -3.682822585105895996e-01
-2.575299441814422607e-01 -3.370370864868164062e-01
-3.497839570045471191e-01 -3.297789394855499268e-01
1.851619184017181396e-01 -3.783486783504486084e-01
2.710770368576049805e-01 -4.365461170673370361e-01
3.680421710014343262e-01 -4.457845687866210938e-01
4.553644955158233643e-01 -3.927724659442901611e-01
3.608446419239044189e-01 -3.490872383117675781e-01
2.689211070537567139e-01 -3.513900935649871826e-01
-1.915579587221145630e-01 3.315011858940124512e-01
-1.238337084650993347e-01 2.651067376136779785e-01
-3.150293976068496704e-02 2.308559864759445190e-01
2.538605965673923492e-02 2.333151847124099731e-01
8.265004307031631470e-02 2.286030054092407227e-01
1.751025617122650146e-01 2.591903507709503174e-01
2.481853514909744263e-01 3.199291527271270752e-01
1.889013051986694336e-01 3.742520213127136230e-01
1.022174060344696045e-01 4.018203616142272949e-01
3.893967717885971069e-02 4.105745851993560791e-01
-2.712071128189563751e-02 4.043691456317901611e-01
-1.208950281143188477e-01 3.828601539134979248e-01
-1.857586652040481567e-01 3.315240144729614258e-01
-2.998518384993076324e-02 2.950007021427154541e-01
2.671455591917037964e-02 2.931827604770660400e-01
8.313528448343276978e-02 2.952225506305694580e-01
2.457104176282882690e-01 3.193034529685974121e-01
9.755870699882507324e-02 3.369509577751159668e-01
3.641352057456970215e-02 3.394680917263031006e-01
-2.490438520908355713e-02 3.398799300193786621e-01
