-7.391859292984008789e-01 -3.560258746147155762e-01 2.263201773166656494e-01 1.000000000000000000e+00
-7.178678512573242188e-01 -1.636206209659576416e-01 2.535347342491149902e-01 1.000000000000000000e+00
-6.926137208938598633e-01 5.313501879572868347e-02 2.690264880657196045e-01 1.000000000000000000e+00
-6.615146398544311523e-01 2.413298934698104858e-01 2.131027579307556152e-01 1.000000000000000000e+00
-5.809037089347839355e-01 4.107082188129425049e-01 8.848693221807479858e-02 1.000000000000000000e+00
-4.690921008586883545e-01 5.539056658744812012e-01 -9.536481648683547974e-02 1.000000000000000000e+00
-3.173096179962158203e-01 6.650918722152709961e-01 -2.179287821054458618e-01 1.000000000000000000e+00
-1.387976258993148804e-01 7.311511635780334473e-01 -3.487159907817840576e-01 1.000000000000000000e+00
5.108636245131492615e-02 7.646415829658508301e-01 -3.592624068260192871e-01 1.000000000000000000e+00
2.115198671817779541e-01 7.174757719039916992e-01 -3.362314701080322266e-01 1.000000000000000000e+00
3.786337077617645264e-01 6.448716521263122559e-01 -1.996255367994308472e-01 1.000000000000000000e+00
5.105744004249572754e-01 5.217130780220031738e-01 -7.311027497053146362e-02 1.000000000000000000e+00
6.039378643035888672e-01 3.728839755058288574e-01 1.120067685842514038e-01 1.000000000000000000e+00
6.636239886283874512e-01 1.978743821382522583e-01 2.380931079387664795e-01 0.000000000000000000e+00
6.817905902862548828e-01 1.216043997555971146e-02 2.877499759197235107e-01 1.000000000000000000e+00
6.985836029052734375e-01 -2.053391635417938232e-01 2.607651650905609131e-01 1.000000000000000000e+00
7.165786027908325195e-01 -3.992454707622528076e-01 2.355739623308181763e-01 1.000000000000000000e+00
-6.083846092224121094e-01 -4.433456063270568848e-01 -2.235095500946044922e-01 1.000000000000000000e+00
-5.164730548858642578e-01 -6.123631000518798828e-01 -3.739504516124725342e-01 1.000000000000000000e+00
-3.738650083541870117e-01 -6.454463601112365723e-01 -5.047426223754882812e-01 1.000000000000000000e+00
-2.224022448062896729e-01 -6.265071034431457520e-01 -5.685001611709594727e-01 1.000000000000000000e+00
-9.381327778100967407e-02 -5.797559618949890137e-01 -5.812796950340270996e-01 1.000000000000000000e+00
9.886207431554794312e-02 -5.850279331207275391e-01 -5.812265276908874512e-01 1.000000000000000000e+00
2.242411524057388306e-01 -6.388418674468994141e-01 -5.705242753028869629e-01 1.000000000000000000e+00
3.721110820770263672e-01 -6.671509146690368652e-01 -5.025243759155273438e-01 1.000000000000000000e+00
5.103119015693664551e-01 -6.442247033119201660e-01 -3.639931082725524902e-01 1.000000000000000000e+00
6.034272909164428711e-01 -4.811468124389648438e-01 -2.121127396821975708e-01 1.000000000000000000e+00
8.285152725875377655e-03 -4.156527519226074219e-01 -5.850696563720703125e-01 1.000000000000000000e+00
1.408868934959173203e-02 -2.852626442909240723e-01 -6.619669198989868164e-01 1.000000000000000000e+00
1.728687435388565063e-02 -1.889299303293228149e-01 -7.324847579002380371e-01 1.000000000000000000e+00
2.167399600148200989e-02 -8.856476098299026489e-02 -7.853596806526184082e-01 1.000000000000000000e+00
-1.017658188939094543e-01 4.087339341640472412e-02 -5.980623960494995117e-01 1.000000000000000000e+00
-4.053509980440139771e-02 5.252410098910331726e-02 -6.237888932228088379e-01 1.000000000000000000e+00
1.889685168862342834e-02 6.727128475904464722e-02 -6.430605649948120117e-01 1.000000000000000000e+00
7.723316550254821777e-02 5.036985129117965698e-02 -6.244959235191345215e-01 1.000000000000000000e+00
1.354685127735137939e-01 3.612429648637771606e-02 -5.976992249488830566e-01 1.000000000000000000e+00
-4.488970935344696045e-01 -3.675836622714996338e-01 -4.020132124423980713e-01 1.000000000000000000e+00
-3.614702820777893066e-01 -4.252157807350158691e-01 -5.009542703628540039e-01 1.000000000000000000e+00
-2.639596164226531982e-01 -4.224946200847625732e-01 -5.077400803565979004e-01 1.000000000000000000e+00
-1.762563139200210571e-01 -3.682822585105895996e-01 -4.713571369647979736e-01 1.000000000000000000e+00
-2.575299441814422607e-01 -3.370370864868164062e-01 -4.843092262744903564e-01 1.000000000000000000e+00
-3.497839570045471191e-01 -3.297789394855499268e-01 -4.743423759937286377e-01 1.000000000000000000e+00
1.851619184017181396e-01 -3.783486783504486084e-01 -4.764458835124969482e-01 1.000000000000000000e+00
2.710770368576049805e-01 -4.365461170673370361e-01 -5.103651285171508789e-01 1.000000000000000000e+00
3.680421710014343262e-01 -4.457845687866210938e-01 -5.022144317626953125e-01 1.000000000000000000e+00
4.553644955158233643e-01 -3.927724659442901611e-01 -3.989664316177368164e-01 1.000000000000000000e+00
3.608446419239044189e-01 -3.490872383117675781e-01 -4.752113223075866699e-01 1.000000000000000000e+00
2.689211070537567139e-01 -3.513900935649871826e-01 -4.875206649303436279e-01 1.000000000000000000e+00
-1.915579587221145630e-01 3.315011858940124512e-01 -5.027971267700195312e-01 1.000000000000000000e+00
-1.238337084650993347e-01 2.651067376136779785e-01 -6.073812842369079590e-01 1.000000000000000000e+00
-3.150293976068496704e-02 2.308559864759445190e-01 -6.601067185401916504e-01 1.000000000000000000e+00
2.538605965673923492e-02 2.333151847124099731e-01 -6.679540276527404785e-01 1.000000000000000000e+00
8.265004307031631470e-02 2.286030054092407227e-01 -6.599856615066528320e-01 1.000000000000000000e+00
1.751025617122650146e-01 2.591903507709503174e-01 -6.031110286712646484e-01 1.000000000000000000e+00
2.481853514909744263e-01 3.199291527271270752e-01 -4.977233707904815674e-01 1.000000000000000000e+00
1.889013051986694336e-01 3.742520213127136230e-01 -5.519486665725708008e-01 1.000000000000000000e+00
1.022174060344696045e-01 4.018203616142272949e-01 -6.056147217750549316e-01 1.000000000000000000e+00
3.893967717885971069e-02 4.105745851993560791e-01 -6.120446324348449707e-01 1.000000000000000000e+00
-2.712071128189563751e-02 4.043691456317901611e-01 -6.061841249465942383e-01 1.000000000000000000e+00
-1.208950281143188477e-01 3.828601539134979248e-01 -5.596247315406799316e-01 1.000000000000000000e+00
-1.857586652040481567e-01 3.315240144729614258e-01 -4.994333684444427490e-01 1.000000000000000000e+00
-2.998518384993076324e-02 2.950007021427154541e-01 -6.065756082534790039e-01 1.000000000000000000e+00
2.671455591917037964e-02 2.931827604770660400e-01 -6.144739389419555664e-01 1.000000000000000000e+00
8.313528448343276978e-02 2.952225506305694580e-01 -6.033774614334106445e-01 1.000000000000000000e+00
2.457104176282882690e-01 3.193034529685974121e-01 -4.977929294109344482e-01 1.000000000000000000e+00
9.755870699882507324e-02 3.369509577751159668e-01 -5.882666707038879395e-01 1.000000000000000000e+00
3.641352057456970215e-02 3.394680917263031006e-01 -5.925241112709045410e-01 1.000000000000000000e+00
-2.490438520908355713e-02 3.398799300193786621e-01 -5.900194048881530762e-01 1.000000000000000000e+00
