-6.869965791702270508e-01 -3.806076943874359131e-01
-6.909574866294860840e-01 -2.002758383750915527e-01
-6.548645496368408203e-01 -2.047144435346126556e-02
-6.287057995796203613e-01 1.355026215314865112e-01
-5.818282365798950195e-01 2.975300848484039307e-01
-5.136468410491943359e-01 4.540749490261077881e-01
-4.086856245994567871e-01 6.101066470146179199e-01
-2.414390891790390015e-01 7.444056868553161621e-01
-6.595236808061599731e-02 7.749255895614624023e-01
1.319908350706100464e-01 7.263647317886352539e-01
3.233367204666137695e-01 6.153854727745056152e-01
4.738708138465881348e-01 4.613254666328430176e-01
6.038788557052612305e-01 2.840966880321502686e-01
6.811591982841491699e-01 8.581414073705673218e-02
7.066836953163146973e-01 -1.039700806140899658e-01
7.071775197982788086e-01 -3.083602190017700195e-01
7.053406834602355957e-01 -5.062738060951232910e-01
-6.787815093994140625e-01 -4.862188994884490967e-01
-6.442890167236328125e-01 -6.455388069152832031e-01
-5.414945483207702637e-01 -6.723857522010803223e-01
-4.107808172702789307e-01 -6.533280611038208008e-01
-2.875082790851593018e-01 -6.116210818290710449e-01
-9.887653589248657227e-02 -6.192691922187805176e-01
2.477751113474369049e-02 -6.720851063728332520e-01
1.848698258399963379e-01 -7.078770995140075684e-01
3.530743122100830078e-01 -6.978967785835266113e-01
4.821632802486419678e-01 -5.488123893737792969e-01
-1.869657635688781738e-01 -4.674180150032043457e-01
-2.008431553840637207e-01 -3.341929614543914795e-01
-2.140043526887893677e-01 -2.232529968023300171e-01
-2.209814190864562988e-01 -1.081434935331344604e-01
-2.824208438396453857e-01 7.863175123929977417e-03
-2.313885241746902466e-01 2.356135286390781403e-02
-1.768098473548889160e-01 4.094633460044860840e-02
-1.147986203432083130e-01 1.938262768089771271e-02
-5.124067142605781555e-02 -8.264030329883098602e-04
-5.667342543601989746e-01 -4.112904071807861328e-01
-5.082924365997314453e-01 -4.672010242938995361e-01
-4.141308367252349854e-01 -4.680286049842834473e-01
-3.170120418071746826e-01 -4.183174967765808105e-01
-4.003766775131225586e-01 -3.798449337482452393e-01
-4.873229265213012695e-01 -3.708197474479675293e-01
2.096716500818729401e-02 -4.346576035022735596e-01
9.542361646890640259e-02 -4.913455247879028320e-01
1.921188831329345703e-01 -5.005913376808166504e-01
3.034021258354187012e-01 -4.538296759128570557e-01
1.937076449394226074e-01 -4.035839140415191650e-01
1.013078317046165466e-01 -4.039263725280761719e-01
-3.290551602840423584e-01 3.193018734455108643e-01
-2.971875071525573730e-01 2.480015903711318970e-01
-2.225345671176910400e-01 2.127905488014221191e-01
-1.679691076278686523e-01 2.145295888185501099e-01
-1.090451255440711975e-01 2.088936418294906616e-01
-1.121476292610168457e-03 2.370912134647369385e-01
1.003269180655479431e-01 2.998477220535278320e-01
3.437518700957298279e-02 3.657921254634857178e-01
-6.284421682357788086e-02 3.986449837684631348e-01
-1.261098831892013550e-01 4.084429144859313965e-01
-1.897570192813873291e-01 4.034382700920104980e-01
-2.716298997402191162e-01 3.800233304500579834e-01
-3.223620653152465820e-01 3.182716965675354004e-01
-2.030743509531021118e-01 2.766784727573394775e-01
-1.490226238965988159e-01 2.725370824337005615e-01
-9.003507345914840698e-02 2.756124734878540039e-01
9.801375120878219604e-02 2.989493012428283691e-01
-6.487282365560531616e-02 3.298177719116210938e-01
-1.252506524324417114e-01 3.337283432483673096e-01
-1.855488121509552002e-01 3.350862562656402588e-01
