-6.869677305221557617e-01 -4.302823543548583984e-01 3.299145102500915527e-01 0.000000000000000000e+00
-6.602747440338134766e-01 -2.371933162212371826e-01 3.683382272720336914e-01 0.000000000000000000e+00
-6.229637265205383301e-01 -2.067037113010883331e-02 3.947822451591491699e-01 0.000000000000000000e+00
-5.984140038490295410e-01 1.698349118232727051e-01 3.402234911918640137e-01 0.000000000000000000e+00
-5.516902804374694824e-01 3.549030721187591553e-01 2.078903317451477051e-01 0.000000000000000000e+00
-4.796236753463745117e-01 5.183318257331848145e-01 4.026526119560003281e-03 1.000000000000000000e+00
-3.702846467494964600e-01 6.542649865150451660e-01 -1.575661897659301758e-01 1.000000000000000000e+00
-2.313319295644760132e-01 7.495210170745849609e-01 -3.314024209976196289e-01 1.000000000000000000e+00
-3.661889210343360901e-02 7.808317542076110840e-01 -3.936933577060699463e-01 1.000000000000000000e+00
1.320055276155471802e-01 7.276174426078796387e-01 -4.179765582084655762e-01 1.000000000000000000e+00
3.207307755947113037e-01 6.176882386207580566e-01 -3.244434297084808350e-01 1.000000000000000000e+00
4.721434712409973145e-01 4.676660895347595215e-01 -2.302056401968002319e-01 1.000000000000000000e+00
6.052106618881225586e-01 2.916962504386901855e-01 -8.139187097549438477e-02 1.000000000000000000e+00
6.804070472717285156e-01 9.720116108655929565e-02 1.749995164573192596e-02 1.000000000000000000e+00
7.151849865913391113e-01 -9.025634080171585083e-02 5.055263638496398926e-02 1.000000000000000000e+00
7.143353819847106934e-01 -3.087675571441650391e-01 5.736306309700012207e-03 1.000000000000000000e+00
7.104350924491882324e-01 -5.036559700965881348e-01 -3.696512430906295776e-02 1.000000000000000000e+00
-6.787815093994140625e-01 -4.862188994884490967e-01 -1.482705622911453247e-01 1.000000000000000000e+00
-6.442890167236328125e-01 -6.455388069152832031e-01 -3.337506651878356934e-01 1.000000000000000000e+00
-5.414945483207702637e-01 -6.723857522010803223e-01 -5.020021796226501465e-01 1.000000000000000000e+00
-4.107808172702789307e-01 -6.533280611038208008e-01 -6.035363078117370605e-01 1.000000000000000000e+00
-2.875082790851593018e-01 -6.116210818290710449e-01 -6.494862437248229980e-01 1.000000000000000000e+00
-9.887653589248657227e-02 -6.192691922187805176e-01 -7.009943723678588867e-01 1.000000000000000000e+00
2.477751113474369049e-02 -6.720851063728332520e-01 -7.241347432136535645e-01 1.000000000000000000e+00
1.848698258399963379e-01 -7.078770995140075684e-01 -6.952381134033203125e-01 1.000000000000000000e+00
3.530743122100830078e-01 -6.978967785835266113e-01 -5.901634693145751953e-01 1.000000000000000000e+00
4.821632802486419678e-01 -5.488123893737792969e-01 -4.474681913852691650e-01 1.000000000000000000e+00
-1.869657635688781738e-01 -4.674180150032043457e-01 -6.888678073883056641e-01 1.000000000000000000e+00
-2.008431553840637207e-01 -3.341929614543914795e-01 -7.650960087776184082e-01 1.000000000000000000e+00
-2.140043526887893677e-01 -2.232529968023300171e-01 -8.311969041824340820e-01 1.000000000000000000e+00
-2.209814190864562988e-01 -1.081434935331344604e-01 -8.827353119850158691e-01 1.000000000000000000e+00
-2.824208438396453857e-01 7.863175123929977417e-03 -6.334106922149658203e-01 1.000000000000000000e+00
-2.313885241746902466e-01 2.356135286390781403e-02 -6.790254712104797363e-01 1.000000000000000000e+00
-1.768098473548889160e-01 4.094633460044860840e-02 -7.143240571022033691e-01 1.000000000000000000e+00
-1.147986203432083130e-01 1.938262768089771271e-02 -7.116781473159790039e-01 1.000000000000000000e+00
-5.124067142605781555e-02 -8.264030329883098602e-04 -6.946884989738464355e-01 1.000000000000000000e+00
-5.667342543601989746e-01 -4.112904071807861328e-01 -3.423631191253662109e-01 1.000000000000000000e+00
-5.082924365997314453e-01 -4.672010242938995361e-01 -4.605345129966735840e-01 1.000000000000000000e+00
-4.141308367252349854e-01 -4.680286049842834473e-01 -4.911071062088012695e-01 1.000000000000000000e+00
-3.170120418071746826e-01 -4.183174967765808105e-01 -4.775252640247344971e-01 1.000000000000000000e+00
-4.003766775131225586e-01 -3.798449337482452393e-01 -4.687227904796600342e-01 1.000000000000000000e+00
-4.873229265213012695e-01 -3.708197474479675293e-01 -4.351221919059753418e-01 1.000000000000000000e+00
2.096716500818729401e-02 -4.346576035022735596e-01 -5.711737871170043945e-01 1.000000000000000000e+00
9.542361646890640259e-02 -4.913455247879028320e-01 -6.286321878433227539e-01 1.000000000000000000e+00
1.921188831329345703e-01 -5.005913376808166504e-01 -6.477801203727722168e-01 1.000000000000000000e+00
3.034021258354187012e-01 -4.538296759128570557e-01 -5.698035955429077148e-01 1.000000000000000000e+00
1.937076449394226074e-01 -4.035839140415191650e-01 -6.160783767700195312e-01 1.000000000000000000e+00
1.013078317046165466e-01 -4.039263725280761719e-01 -6.042706966400146484e-01 1.000000000000000000e+00
-3.290551602840423584e-01 3.193018734455108643e-01 -4.910051822662353516e-01 1.000000000000000000e+00
-2.971875071525573730e-01 2.480015903711318970e-01 -6.170285940170288086e-01 1.000000000000000000e+00
-2.225345671176910400e-01 2.127905488014221191e-01 -6.960015296936035156e-01 1.000000000000000000e+00
-1.679691076278686523e-01 2.145295888185501099e-01 -7.182540893554687500e-01 1.000000000000000000e+00
-1.090451255440711975e-01 2.088936418294906616e-01 -7.272719144821166992e-01 1.000000000000000000e+00
-1.121476292610168457e-03 2.370912134647369385e-01 -6.940041184425354004e-01 1.000000000000000000e+00
1.003269180655479431e-01 2.998477220535278320e-01 -6.020982861518859863e-01 1.000000000000000000e+00
3.437518700957298279e-02 3.657921254634857178e-01 -6.359118819236755371e-01 1.000000000000000000e+00
-6.284421682357788086e-02 3.986449837684631348e-01 -6.592817902565002441e-01 1.000000000000000000e+00
-1.261098831892013550e-01 4.084429144859313965e-01 -6.472699046134948730e-01 1.000000000000000000e+00
-1.897570192813873291e-01 4.034382700920104980e-01 -6.262972950935363770e-01 1.000000000000000000e+00
-2.716298997402191162e-01 3.800233304500579834e-01 -5.612924695014953613e-01 1.000000000000000000e+00
-3.223620653152465820e-01 3.182716965675354004e-01 -4.881592690944671631e-01 1.000000000000000000e+00
-2.030743509531021118e-01 2.766784727573394775e-01 -6.351572275161743164e-01 1.000000000000000000e+00
-1.490226238965988159e-01 2.725370824337005615e-01 -6.579715609550476074e-01 1.000000000000000000e+00
-9.003507345914840698e-02 2.756124734878540039e-01 -6.636639833450317383e-01 1.000000000000000000e+00
9.801375120878219604e-02 2.989493012428283691e-01 -6.012262105941772461e-01 1.000000000000000000e+00
-6.487282365560531616e-02 3.298177719116210938e-01 -6.441443562507629395e-01 1.000000000000000000e+00
-1.252506524324417114e-01 3.337283432483673096e-01 -6.320248842239379883e-01 1.000000000000000000e+00
-1.855488121509552002e-01 3.350862562656402588e-01 -6.136052012443542480e-01 1.000000000000000000e+00
