-6.870116591453552246e-01 -3.803806304931640625e-01
-6.909391880035400391e-01 -1.997804045677185059e-01
-6.546124815940856934e-01 -1.989199593663215637e-02
-6.283459067344665527e-01 1.359968632459640503e-01
-5.815039277076721191e-01 2.980920672416687012e-01
-5.134430527687072754e-01 4.546252191066741943e-01
-4.083701968193054199e-01 6.102772355079650879e-01
-2.409874200820922852e-01 7.439465522766113281e-01
-6.541156768798828125e-02 7.741450667381286621e-01
1.325410902500152588e-01 7.255124449729919434e-01
3.238416314125061035e-01 6.149078607559204102e-01
4.742588102817535400e-01 4.611482024192810059e-01
6.041191220283508301e-01 2.840021848678588867e-01
6.813160777091979980e-01 8.570918440818786621e-02
7.067012786865234375e-01 -1.040971279144287109e-01
7.071481347084045410e-01 -3.084372878074645996e-01
7.052789330482482910e-01 -5.063147544860839844e-01
-6.788598895072937012e-01 -4.860875010490417480e-01
-6.443228721618652344e-01 -6.455517411231994629e-01
-5.415635108947753906e-01 -6.722800135612487793e-01
-4.108735024929046631e-01 -6.532222032546997070e-01
-2.875808179378509521e-01 -6.115278601646423340e-01
-9.887056052684783936e-02 -6.190368533134460449e-01
2.482290193438529968e-02 -6.718018651008605957e-01
1.849485188722610474e-01 -7.077149152755737305e-01
3.531405925750732422e-01 -6.978818774223327637e-01
4.821700155735015869e-01 -5.486168861389160156e-01
-1.869702339172363281e-01 -4.672308862209320068e-01
-2.008693963289260864e-01 -3.339021205902099609e-01
-2.140219360589981079e-01 -2.228900045156478882e-01
-2.209824025630950928e-01 -1.077014058828353882e-01
-2.820410132408142090e-01 8.941770531237125397e-03
-2.312036305665969849e-01 2.443856745958328247e-02
-1.768008321523666382e-01 4.187282174825668335e-02
-1.149616837501525879e-01 2.030750550329685211e-02
-5.162289738655090332e-02 2.950183406937867403e-04
-5.668193101882934570e-01 -4.116404056549072266e-01
-5.085030794143676758e-01 -4.682913124561309814e-01
-4.141567051410675049e-01 -4.689799845218658447e-01
-3.170354068279266357e-01 -4.185178577899932861e-01
-4.002747535705566406e-01 -3.799006938934326172e-01
-4.872643947601318359e-01 -3.709039390087127686e-01
2.097159810364246368e-02 -4.349213242530822754e-01
9.533010423183441162e-02 -4.921668767929077148e-01
1.921652555465698242e-01 -5.015264153480529785e-01
3.034583926200866699e-01 -4.541860222816467285e-01
1.937400996685028076e-01 -4.037553668022155762e-01
1.012772098183631897e-01 -4.040696620941162109e-01
-3.286807239055633545e-01 3.208786249160766602e-01
-2.967237532138824463e-01 2.497905194759368896e-01
-2.223704457283020020e-01 2.144256979227066040e-01
-1.680138856172561646e-01 2.161507457494735718e-01
-1.092869862914085388e-01 2.105493843555450439e-01
-1.640973147004842758e-03 2.388844788074493408e-01
9.994340687990188599e-02 3.010985851287841797e-01
3.413616493344306946e-02 3.657462596893310547e-01
-6.295701861381530762e-02 3.982949852943420410e-01
-1.260382235050201416e-01 4.080727696418762207e-01
-1.895182430744171143e-01 4.032221138477325439e-01
-2.711962759494781494e-01 3.803054988384246826e-01
-3.219830393791198730e-01 3.197841346263885498e-01
-2.029836773872375488e-01 2.786475121974945068e-01
-1.490766257047653198e-01 2.745631337165832520e-01
-9.021699428558349609e-02 2.775923609733581543e-01
9.761703759431838989e-02 3.002138733863830566e-01
-6.508325040340423584e-02 3.297011852264404297e-01
-1.253597587347030640e-01 3.336052596569061279e-01
-1.855075508356094360e-01 3.351019322872161865e-01
