-6.869924664497375488e-01 -4.302070140838623047e-01 3.297978341579437256e-01 0.000000000000000000e+00
-6.602813005447387695e-01 -2.370901554822921753e-01 3.682217895984649658e-01 0.000000000000000000e+00
-6.229339838027954102e-01 -2.052408829331398010e-02 3.946626782417297363e-01 0.000000000000000000e+00
-5.983411073684692383e-01 1.701017618179321289e-01 3.400639295578002930e-01 0.000000000000000000e+00
-5.515125989913940430e-01 3.552435636520385742e-01 2.076425403356552124e-01 0.000000000000000000e+00
-4.793660342693328857e-01 5.187032222747802734e-01 3.665308933705091476e-03 1.000000000000000000e+00
-3.699155151844024658e-01 6.543033719062805176e-01 -1.581641882658004761e-01 1.000000000000000000e+00
-2.308702617883682251e-01 7.491196990013122559e-01 -3.324772715568542480e-01 1.000000000000000000e+00
-3.602606803178787231e-02 7.801031470298767090e-01 -3.949267268180847168e-01 1.000000000000000000e+00
1.325627714395523071e-01 7.267793416976928711e-01 -4.192718863487243652e-01 1.000000000000000000e+00
3.212347030639648438e-01 6.172024011611938477e-01 -3.254051208496093750e-01 1.000000000000000000e+00
4.725264310836791992e-01 4.674805700778961182e-01 -2.309682369232177734e-01 1.000000000000000000e+00
6.054413318634033203e-01 2.915939688682556152e-01 -8.186336606740951538e-02 1.000000000000000000e+00
6.805717349052429199e-01 9.710232168436050415e-02 1.722132228314876556e-02 1.000000000000000000e+00
7.151799798011779785e-01 -9.037478268146514893e-02 5.035796016454696655e-02 1.000000000000000000e+00
7.143044471740722656e-01 -3.088354766368865967e-01 5.576483905315399170e-03 1.000000000000000000e+00
7.103817462921142578e-01 -5.037002563476562500e-01 -3.710605576634407043e-02 1.000000000000000000e+00
-6.788598895072937012e-01 -4.860875010490417480e-01 -1.483752727508544922e-01 1.000000000000000000e+00
-6.443228721618652344e-01 -6.455517411231994629e-01 -3.338459134101867676e-01 1.000000000000000000e+00
-5.415635108947753906e-01 -6.722800135612487793e-01 -5.021391510963439941e-01 1.000000000000000000e+00
-4.108735024929046631e-01 -6.532222032546997070e-01 -6.037388443946838379e-01 1.000000000000000000e+00
-2.875808179378509521e-01 -6.115278601646423340e-01 -6.497218012809753418e-01 1.000000000000000000e+00
-9.887056052684783936e-02 -6.190368533134460449e-01 -7.012413740158081055e-01 1.000000000000000000e+00
2.482290193438529968e-02 -6.718018651008605957e-01 -7.243659496307373047e-01 1.000000000000000000e+00
1.849485188722610474e-01 -7.077149152755737305e-01 -6.953671574592590332e-01 1.000000000000000000e+00
3.531405925750732422e-01 -6.978818774223327637e-01 -5.902563929557800293e-01 1.000000000000000000e+00
4.821700155735015869e-01 -5.486168861389160156e-01 -4.476047456264495850e-01 1.000000000000000000e+00
-1.869702339172363281e-01 -4.672308862209320068e-01 -6.889876723289489746e-01 1.000000000000000000e+00
-2.008693963289260864e-01 -3.339021205902099609e-01 -7.652494311332702637e-01 1.000000000000000000e+00
-2.140219360589981079e-01 -2.228900045156478882e-01 -8.312681317329406738e-01 1.000000000000000000e+00
-2.209824025630950928e-01 -1.077014058828353882e-01 -8.827828764915466309e-01 1.000000000000000000e+00
-2.820410132408142090e-01 8.941770531237125397e-03 -6.336472034454345703e-01 1.000000000000000000e+00
-2.312036305665969849e-01 2.443856745958328247e-02 -6.791923046112060547e-01 1.000000000000000000e+00
-1.768008321523666382e-01 4.187282174825668335e-02 -7.144466042518615723e-01 1.000000000000000000e+00
-1.149616837501525879e-01 2.030750550329685211e-02 -7.117539048194885254e-01 1.000000000000000000e+00
-5.162289738655090332e-02 2.950183406937867403e-04 -6.946998238563537598e-01 1.000000000000000000e+00
-5.668193101882934570e-01 -4.116404056549072266e-01 -3.423738181591033936e-01 1.000000000000000000e+00
-5.085030794143676758e-01 -4.682913124561309814e-01 -4.606800377368927002e-01 1.000000000000000000e+00
-4.141567051410675049e-01 -4.689799845218658447e-01 -4.913728535175323486e-01 1.000000000000000000e+00
-3.170354068279266357e-01 -4.185178577899932861e-01 -4.776223599910736084e-01 1.000000000000000000e+00
-4.002747535705566406e-01 -3.799006938934326172e-01 -4.687305092811584473e-01 1.000000000000000000e+00
-4.872643947601318359e-01 -3.709039390087127686e-01 -4.350821077823638916e-01 1.000000000000000000e+00
2.097159810364246368e-02 -4.349213242530822754e-01 -5.712617039680480957e-01 1.000000000000000000e+00
9.533010423183441162e-02 -4.921668767929077148e-01 -6.287920475006103516e-01 1.000000000000000000e+00
1.921652555465698242e-01 -5.015264153480529785e-01 -6.479412913322448730e-01 1.000000000000000000e+00
3.034583926200866699e-01 -4.541860222816467285e-01 -5.698280334472656250e-01 1.000000000000000000e+00
1.937400996685028076e-01 -4.037553668022155762e-01 -6.160422563552856445e-01 1.000000000000000000e+00
1.012772098183631897e-01 -4.040696620941162109e-01 -6.042793989181518555e-01 1.000000000000000000e+00
-3.286807239055633545e-01 3.208786249160766602e-01 -4.920063614845275879e-01 1.000000000000000000e+00
-2.967237532138824463e-01 2.497905194759368896e-01 -6.178124547004699707e-01 1.000000000000000000e+00
-2.223704457283020020e-01 2.144256979227066040e-01 -6.964496970176696777e-01 1.000000000000000000e+00
-1.680138856172561646e-01 2.161507457494735718e-01 -7.186191082000732422e-01 1.000000000000000000e+00
-1.092869862914085388e-01 2.105493843555450439e-01 -7.275929450988769531e-01 1.000000000000000000e+00
-1.640973147004842758e-03 2.388844788074493408e-01 -6.944449543952941895e-01 1.000000000000000000e+00
9.994340687990188599e-02 3.010985851287841797e-01 -6.030012369155883789e-01 1.000000000000000000e+00
3.413616493344306946e-02 3.657462596893310547e-01 -6.369990110397338867e-01 1.000000000000000000e+00
-6.295701861381530762e-02 3.982949852943420410e-01 -6.600250005722045898e-01 1.000000000000000000e+00
-1.260382235050201416e-01 4.080727696418762207e-01 -6.479952335357666016e-01 1.000000000000000000e+00
-1.895182430744171143e-01 4.032221138477325439e-01 -6.270506381988525391e-01 1.000000000000000000e+00
-2.711962759494781494e-01 3.803054988384246826e-01 -5.622658729553222656e-01 1.000000000000000000e+00
-3.219830393791198730e-01 3.197841346263885498e-01 -4.891973137855529785e-01 1.000000000000000000e+00
-2.029836773872375488e-01 2.786475121974945068e-01 -6.358432769775390625e-01 1.000000000000000000e+00
-1.490766257047653198e-01 2.745631337165832520e-01 -6.586542725563049316e-01 1.000000000000000000e+00
-9.021699428558349609e-02 2.775923609733581543e-01 -6.642028093338012695e-01 1.000000000000000000e+00
9.761703759431838989e-02 3.002138733863830566e-01 -6.021189093589782715e-01 1.000000000000000000e+00
-6.508325040340423584e-02 3.297011852264404297e-01 -6.452850103378295898e-01 1.000000000000000000e+00
-1.253597587347030640e-01 3.336052596569061279e-01 -6.330527067184448242e-01 1.000000000000000000e+00
-1.855075508356094360e-01 3.351019322872161865e-01 -6.147214174270629883e-01 1.000000000000000000e+00
