-7.119594216346740723e-01 -4.200637638568878174e-01 2.592829167842864990e-01 1.000000000000000000e+00
-6.796445250511169434e-01 -2.286261320114135742e-01 2.937698960304260254e-01 1.000000000000000000e+00
-6.343395113945007324e-01 -1.489500422030687332e-02 3.205175697803497314e-01 0.000000000000000000e+00
-5.801206231117248535e-01 1.763820201158523560e-01 2.670455873012542725e-01 0.000000000000000000e+00
-5.250460505485534668e-01 3.608854115009307861e-01 1.460113525390625000e-01 0.000000000000000000e+00
-4.455299079418182373e-01 5.156413316726684570e-01 -3.665455430746078491e-02 1.000000000000000000e+00
-3.228963613510131836e-01 6.341691017150878906e-01 -1.709913462400436401e-01 1.000000000000000000e+00
-1.791389137506484985e-01 7.194085717201232910e-01 -3.285487890243530273e-01 1.000000000000000000e+00
3.041372401639819145e-03 7.478811144828796387e-01 -3.661817014217376709e-01 1.000000000000000000e+00
1.603622585535049438e-01 6.999066472053527832e-01 -3.774128854274749756e-01 1.000000000000000000e+00
3.296543359756469727e-01 6.021488308906555176e-01 -2.680912911891937256e-01 1.000000000000000000e+00
4.674418568611145020e-01 4.710683822631835938e-01 -1.768510490655899048e-01 1.000000000000000000e+00
5.756768584251403809e-01 3.069038689136505127e-01 -2.541150525212287903e-02 1.000000000000000000e+00
6.441051363945007324e-01 1.165466457605361938e-01 7.335398346185684204e-02 1.000000000000000000e+00
6.959662437438964844e-01 -7.299675792455673218e-02 1.040114611387252808e-01 1.000000000000000000e+00
7.117943763732910156e-01 -2.891752719879150391e-01 5.992734059691429138e-02 1.000000000000000000e+00
7.318933606147766113e-01 -4.826267957687377930e-01 2.170447260141372681e-02 1.000000000000000000e+00
-6.736828684806823730e-01 -4.798976778984069824e-01 -2.221743464469909668e-01 1.000000000000000000e+00
-6.214328408241271973e-01 -6.483453512191772461e-01 -4.034205675125122070e-01 1.000000000000000000e+00
-5.016416311264038086e-01 -6.775353550910949707e-01 -5.617758035659790039e-01 1.000000000000000000e+00
-3.578850626945495605e-01 -6.543233990669250488e-01 -6.526334881782531738e-01 1.000000000000000000e+00
-2.288688272237777710e-01 -6.046032309532165527e-01 -6.903304457664489746e-01 1.000000000000000000e+00
-2.636195532977581024e-02 -6.119443178176879883e-01 -7.233842015266418457e-01 1.000000000000000000e+00
1.037178859114646912e-01 -6.711058020591735840e-01 -7.300168871879577637e-01 1.000000000000000000e+00
2.668456733226776123e-01 -7.084578275680541992e-01 -6.855096817016601562e-01 1.000000000000000000e+00
4.302035868167877197e-01 -6.944813728332519531e-01 -5.673574805259704590e-01 1.000000000000000000e+00
5.439469218254089355e-01 -5.347731709480285645e-01 -4.130261838436126709e-01 1.000000000000000000e+00
-1.218380108475685120e-01 -4.384720325469970703e-01 -7.169323563575744629e-01 1.000000000000000000e+00
-1.269832104444503784e-01 -2.982124388217926025e-01 -7.894555926322937012e-01 1.000000000000000000e+00
-1.340688019990921021e-01 -1.886904537677764893e-01 -8.548618555068969727e-01 1.000000000000000000e+00
-1.368892639875411987e-01 -7.635194063186645508e-02 -9.042882323265075684e-01 1.000000000000000000e+00
-2.205025404691696167e-01 4.708850756287574768e-02 -6.729694008827209473e-01 1.000000000000000000e+00
-1.661600470542907715e-01 6.210891902446746826e-02 -7.101514339447021484e-01 1.000000000000000000e+00
-1.078836917877197266e-01 7.850588858127593994e-02 -7.384085059165954590e-01 1.000000000000000000e+00
-4.548317193984985352e-02 5.832732096314430237e-02 -7.296755909919738770e-01 1.000000000000000000e+00
1.589483581483364105e-02 3.842005878686904907e-02 -7.109094262123107910e-01 1.000000000000000000e+00
-5.536053776741027832e-01 -3.934926390647888184e-01 -4.190102517604827881e-01 1.000000000000000000e+00
-4.818631708621978760e-01 -4.518877565860748291e-01 -5.345308184623718262e-01 1.000000000000000000e+00
-3.849846422672271729e-01 -4.492926895618438721e-01 -5.585654377937316895e-01 1.000000000000000000e+00
-2.917672097682952881e-01 -3.908234238624572754e-01 -5.382134914398193359e-01 1.000000000000000000e+00
-3.732941150665283203e-01 -3.558133542537689209e-01 -5.328192114830017090e-01 1.000000000000000000e+00
-4.657087326049804688e-01 -3.475925624370574951e-01 -5.064661502838134766e-01 1.000000000000000000e+00
8.946825563907623291e-02 -4.057288169860839844e-01 -6.024985313415527344e-01 1.000000000000000000e+00
1.691073626279830933e-01 -4.692261815071105957e-01 -6.500920653343200684e-01 1.000000000000000000e+00
2.680993676185607910e-01 -4.811390936374664307e-01 -6.576588749885559082e-01 1.000000000000000000e+00
3.761819005012512207e-01 -4.314807355403900146e-01 -5.690518021583557129e-01 1.000000000000000000e+00
2.688643038272857666e-01 -3.776335120201110840e-01 -6.269050836563110352e-01 1.000000000000000000e+00
1.725064963102340698e-01 -3.778800666332244873e-01 -6.238089203834533691e-01 1.000000000000000000e+00
-2.812663316726684570e-01 3.307642340660095215e-01 -5.171999335289001465e-01 1.000000000000000000e+00
-2.345140427350997925e-01 2.712820768356323242e-01 -6.402661800384521484e-01 1.000000000000000000e+00
-1.535424888134002686e-01 2.408522963523864746e-01 -7.120142579078674316e-01 1.000000000000000000e+00
-9.860101342201232910e-02 2.435377687215805054e-01 -7.286148667335510254e-01 1.000000000000000000e+00
-4.077680781483650208e-02 2.367996275424957275e-01 -7.301065921783447266e-01 1.000000000000000000e+00
6.103767454624176025e-02 2.595538496971130371e-01 -6.851060390472412109e-01 1.000000000000000000e+00
1.554174572229385376e-01 3.079518079757690430e-01 -5.837907195091247559e-01 1.000000000000000000e+00
9.338650107383728027e-02 3.680180311203002930e-01 -6.273891925811767578e-01 1.000000000000000000e+00
-2.178764669224619865e-03 4.008503556251525879e-01 -6.641494631767272949e-01 1.000000000000000000e+00
-6.692838668823242188e-02 4.121777415275573730e-01 -6.588204503059387207e-01 1.000000000000000000e+00
-1.327411234378814697e-01 4.075057804584503174e-01 -6.434551477432250977e-01 1.000000000000000000e+00
-2.197951823472976685e-01 3.851921558380126953e-01 -5.823034644126892090e-01 1.000000000000000000e+00
-2.751767933368682861e-01 3.304193615913391113e-01 -5.142379403114318848e-01 1.000000000000000000e+00
-1.408129185438156128e-01 3.000831305980682373e-01 -6.503322124481201172e-01 1.000000000000000000e+00
-8.644931018352508545e-02 2.986108362674713135e-01 -6.681018471717834473e-01 1.000000000000000000e+00
-2.890212461352348328e-02 2.965989112854003906e-01 -6.661499738693237305e-01 1.000000000000000000e+00
1.529546678066253662e-01 3.073146343231201172e-01 -5.834254026412963867e-01 1.000000000000000000e+00
-6.647031288594007492e-03 3.312203586101531982e-01 -6.506587266921997070e-01 1.000000000000000000e+00
-6.930781900882720947e-02 3.353850245475769043e-01 -6.440981626510620117e-01 1.000000000000000000e+00
-1.303498893976211548e-01 3.377973437309265137e-01 -6.314386129379272461e-01 1.000000000000000000e+00
