-7.080045938491821289e-01 -3.795335888862609863e-01
-7.001938819885253906e-01 -1.817444115877151489e-01
-6.631022691726684570e-01 1.717944978736341000e-04
-6.239497661590576172e-01 1.503685116767883301e-01
-5.673499703407287598e-01 3.122843503952026367e-01
-4.839238822460174561e-01 4.618044197559356689e-01
-3.566976487636566162e-01 6.016027331352233887e-01
-1.872455924749374390e-01 7.133221626281738281e-01
-1.832089759409427643e-02 7.422564625740051270e-01
1.593141108751296997e-01 6.975503563880920410e-01
3.355268239974975586e-01 5.944549441337585449e-01
4.779223799705505371e-01 4.553889930248260498e-01
5.807556509971618652e-01 2.885082662105560303e-01
6.485434770584106445e-01 9.361834824085235596e-02
6.872650980949401855e-01 -9.424903243780136108e-02
7.039817571640014648e-01 -2.916032969951629639e-01
7.177194356918334961e-01 -4.838871359825134277e-01
-6.736828684806823730e-01 -4.798976778984069824e-01
-6.214328408241271973e-01 -6.483453512191772461e-01
-5.016416311264038086e-01 -6.775353550910949707e-01
-3.578850626945495605e-01 -6.543233990669250488e-01
-2.288688272237777710e-01 -6.046032309532165527e-01
-2.636195532977581024e-02 -6.119443178176879883e-01
1.037178859114646912e-01 -6.711058020591735840e-01
2.668456733226776123e-01 -7.084578275680541992e-01
4.302035868167877197e-01 -6.944813728332519531e-01
5.439469218254089355e-01 -5.347731709480285645e-01
-1.218380108475685120e-01 -4.384720325469970703e-01
-1.269832104444503784e-01 -2.982124388217926025e-01
-1.340688019990921021e-01 -1.886904537677764893e-01
-1.368892639875411987e-01 -7.635194063186645508e-02
-2.205025404691696167e-01 4.708850756287574768e-02
-1.661600470542907715e-01 6.210891902446746826e-02
-1.078836917877197266e-01 7.850588858127593994e-02
-4.548317193984985352e-02 5.832732096314430237e-02
1.589483581483364105e-02 3.842005878686904907e-02
-5.536053776741027832e-01 -3.934926390647888184e-01
-4.818631708621978760e-01 -4.518877565860748291e-01
-3.849846422672271729e-01 -4.492926895618438721e-01
-2.917672097682952881e-01 -3.908234238624572754e-01
-3.732941150665283203e-01 -3.558133542537689209e-01
-4.657087326049804688e-01 -3.475925624370574951e-01
8.946825563907623291e-02 -4.057288169860839844e-01
1.691073626279830933e-01 -4.692261815071105957e-01
2.680993676185607910e-01 -4.811390936374664307e-01
3.761819005012512207e-01 -4.314807355403900146e-01
2.688643038272857666e-01 -3.776335120201110840e-01
1.725064963102340698e-01 -3.778800666332244873e-01
-2.812663316726684570e-01 3.307642340660095215e-01
-2.345140427350997925e-01 2.712820768356323242e-01
-1.535424888134002686e-01 2.408522963523864746e-01
-9.860101342201232910e-02 2.435377687215805054e-01
-4.077680781483650208e-02 2.367996275424957275e-01
6.103767454624176025e-02 2.595538496971130371e-01
1.554174572229385376e-01 3.079518079757690430e-01
9.338650107383728027e-02 3.680180311203002930e-01
-2.178764669224619865e-03 4.008503556251525879e-01
-6.692838668823242188e-02 4.121777415275573730e-01
-1.327411234378814697e-01 4.075057804584503174e-01
-2.197951823472976685e-01 3.851921558380126953e-01
-2.751767933368682861e-01 3.304193615913391113e-01
-1.408129185438156128e-01 3.000831305980682373e-01
-8.644931018352508545e-02 2.986108362674713135e-01
-2.890212461352348328e-02 2.965989112854003906e-01
1.529546678066253662e-01 3.073146343231201172e-01
-6.647031288594007492e-03 3.312203586101531982e-01
-6.930781900882720947e-02 3.353850245475769043e-01
-1.303498893976211548e-01 3.377973437309265137e-01
