-6.870403885841369629e-01 -3.803438246250152588e-01
-6.909961700439453125e-01 -1.997450441122055054e-01
-6.547800898551940918e-01 -1.975348033010959625e-02
-6.285163164138793945e-01 1.361635178327560425e-01
-5.816615223884582520e-01 2.982328832149505615e-01
-5.134987831115722656e-01 4.547522664070129395e-01
-4.085831046104431152e-01 6.105996966361999512e-01
-2.414061427116394043e-01 7.445083260536193848e-01
-6.594236940145492554e-02 7.749274969100952148e-01
1.320334523916244507e-01 7.262077927589416504e-01
3.234710991382598877e-01 6.152621507644653320e-01
4.739855527877807617e-01 4.612258076667785645e-01
6.039444804191589355e-01 2.839943468570709229e-01
6.811584830284118652e-01 8.573043346405029297e-02
7.065929174423217773e-01 -1.040073931217193604e-01
7.070662379264831543e-01 -3.083609640598297119e-01
7.052114605903625488e-01 -5.062577724456787109e-01
-6.788429021835327148e-01 -4.860842823982238770e-01
-6.443079113960266113e-01 -6.454978585243225098e-01
-5.414950251579284668e-01 -6.721454858779907227e-01
-4.108645021915435791e-01 -6.532603502273559570e-01
-2.875711619853973389e-01 -6.116996407508850098e-01
-9.892555326223373413e-02 -6.191978454589843750e-01
2.470768615603446960e-02 -6.717379689216613770e-01
1.848160177469253540e-01 -7.076174616813659668e-01
3.531129658222198486e-01 -6.978739500045776367e-01
4.821179509162902832e-01 -5.486814379692077637e-01
-1.869380325078964233e-01 -4.674257636070251465e-01
-2.008355110883712769e-01 -3.341214060783386230e-01
-2.139627337455749512e-01 -2.231321185827255249e-01
-2.208938896656036377e-01 -1.080057471990585327e-01
-2.820827364921569824e-01 8.598540909588336945e-03
-2.312055379152297974e-01 2.406163513660430908e-02
-1.767274141311645508e-01 4.134429618716239929e-02
-1.148568689823150635e-01 1.985814422369003296e-02
-5.143049359321594238e-02 -1.651853672228753567e-04
-5.668019652366638184e-01 -4.114503264427185059e-01
-5.084544420242309570e-01 -4.680052101612091064e-01
-4.141286313533782959e-01 -4.687023460865020752e-01
-3.170170783996582031e-01 -4.183301925659179688e-01
-4.002596735954284668e-01 -3.797399401664733887e-01
-4.872139096260070801e-01 -3.707298338413238525e-01
2.104838378727436066e-02 -4.348947405815124512e-01
9.553135931491851807e-02 -4.915298223495483398e-01
1.922120004892349243e-01 -5.007532238960266113e-01
3.034757673740386963e-01 -4.540292322635650635e-01
1.938024014234542847e-01 -4.037974178791046143e-01
1.013980954885482788e-01 -4.041430354118347168e-01
-3.291464745998382568e-01 3.208553194999694824e-01
-2.969207763671875000e-01 2.492951452732086182e-01
-2.223319113254547119e-01 2.138139009475708008e-01
-1.679116040468215942e-01 2.154836207628250122e-01
-1.091767922043800354e-01 2.098642438650131226e-01
-1.526087056845426559e-03 2.382091581821441650e-01
9.971161931753158569e-02 3.009290397167205811e-01
3.357686474919319153e-02 3.660898208618164062e-01
-6.359343230724334717e-02 3.986627161502838135e-01
-1.267498135566711426e-01 4.085363447666168213e-01
-1.902787685394287109e-01 4.036439955234527588e-01
-2.719134688377380371e-01 3.807678222656250000e-01
-3.224658966064453125e-01 3.197594285011291504e-01
-2.029462456703186035e-01 2.778975367546081543e-01
-1.490109264850616455e-01 2.737750411033630371e-01
-9.013087302446365356e-02 2.767757773399353027e-01
9.738823771476745605e-02 3.000296652317047119e-01
-6.577172875404357910e-02 3.300631344318389893e-01
-1.260598748922348022e-01 3.339790701866149902e-01
-1.862539499998092651e-01 3.355014026165008545e-01
