-6.869773864746093750e-01 -4.301942884922027588e-01 3.299193680286407471e-01 0.000000000000000000e+00
-6.602609157562255859e-01 -2.370858937501907349e-01 3.683822453022003174e-01 0.000000000000000000e+00
-6.229001283645629883e-01 -2.052570134401321411e-02 3.948925137519836426e-01 0.000000000000000000e+00
-5.982633829116821289e-01 1.700420379638671875e-01 3.403857052326202393e-01 0.000000000000000000e+00
-5.514822602272033691e-01 3.551687598228454590e-01 2.081738710403442383e-01 0.000000000000000000e+00
-4.794017970561981201e-01 5.187425017356872559e-01 4.571444820612668991e-03 1.000000000000000000e+00
-3.700923323631286621e-01 6.545901298522949219e-01 -1.569449901580810547e-01 1.000000000000000000e+00
-2.312699109315872192e-01 7.496285438537597656e-01 -3.310008049011230469e-01 1.000000000000000000e+00
-3.652646020054817200e-02 7.808086872100830078e-01 -3.935263454914093018e-01 1.000000000000000000e+00
1.320588290691375732e-01 7.274659276008605957e-01 -4.180604517459869385e-01 1.000000000000000000e+00
3.208622932434082031e-01 6.175612211227416992e-01 -3.245150148868560791e-01 1.000000000000000000e+00
4.722520411014556885e-01 4.675570726394653320e-01 -2.303698211908340454e-01 1.000000000000000000e+00
6.052609086036682129e-01 2.915808558464050293e-01 -8.158581703901290894e-02 1.000000000000000000e+00
6.804099678993225098e-01 9.711181372404098511e-02 1.731865480542182922e-02 1.000000000000000000e+00
7.150856852531433105e-01 -9.028762578964233398e-02 5.033364146947860718e-02 1.000000000000000000e+00
7.142302989959716797e-01 -3.087622225284576416e-01 5.561448633670806885e-03 1.000000000000000000e+00
7.103201150894165039e-01 -5.036346912384033203e-01 -3.711904585361480713e-02 1.000000000000000000e+00
-6.788429021835327148e-01 -4.860842823982238770e-01 -1.482454240322113037e-01 1.000000000000000000e+00
-6.443079113960266113e-01 -6.454978585243225098e-01 -3.336997926235198975e-01 1.000000000000000000e+00
-5.414950251579284668e-01 -6.721454858779907227e-01 -5.020109415054321289e-01 1.000000000000000000e+00
-4.108645021915435791e-01 -6.532603502273559570e-01 -6.036412119865417480e-01 1.000000000000000000e+00
-2.875711619853973389e-01 -6.116996407508850098e-01 -6.495620012283325195e-01 1.000000000000000000e+00
-9.892555326223373413e-02 -6.191978454589843750e-01 -7.010099887847900391e-01 1.000000000000000000e+00
2.470768615603446960e-02 -6.717379689216613770e-01 -7.242214679718017578e-01 1.000000000000000000e+00
1.848160177469253540e-01 -7.076174616813659668e-01 -6.952287554740905762e-01 1.000000000000000000e+00
3.531129658222198486e-01 -6.978739500045776367e-01 -5.901187658309936523e-01 1.000000000000000000e+00
4.821179509162902832e-01 -5.486814379692077637e-01 -4.474872946739196777e-01 1.000000000000000000e+00
-1.869380325078964233e-01 -4.674257636070251465e-01 -6.887618303298950195e-01 1.000000000000000000e+00
-2.008355110883712769e-01 -3.341214060783386230e-01 -7.651209831237792969e-01 1.000000000000000000e+00
-2.139627337455749512e-01 -2.231321185827255249e-01 -8.311749100685119629e-01 1.000000000000000000e+00
-2.208938896656036377e-01 -1.080057471990585327e-01 -8.827235102653503418e-01 1.000000000000000000e+00
-2.820827364921569824e-01 8.598540909588336945e-03 -6.336522102355957031e-01 1.000000000000000000e+00
-2.312055379152297974e-01 2.406163513660430908e-02 -6.792351603507995605e-01 1.000000000000000000e+00
-1.767274141311645508e-01 4.134429618716239929e-02 -7.144357562065124512e-01 1.000000000000000000e+00
-1.148568689823150635e-01 1.985814422369003296e-02 -7.117323279380798340e-01 1.000000000000000000e+00
-5.143049359321594238e-02 -1.651853672228753567e-04 -6.946483850479125977e-01 1.000000000000000000e+00
-5.668019652366638184e-01 -4.114503264427185059e-01 -3.423950672149658203e-01 1.000000000000000000e+00
-5.084544420242309570e-01 -4.680052101612091064e-01 -4.606881737709045410e-01 1.000000000000000000e+00
-4.141286313533782959e-01 -4.687023460865020752e-01 -4.913785755634307861e-01 1.000000000000000000e+00
-3.170170783996582031e-01 -4.183301925659179688e-01 -4.776330590248107910e-01 1.000000000000000000e+00
-4.002596735954284668e-01 -3.797399401664733887e-01 -4.687489271163940430e-01 1.000000000000000000e+00
-4.872139096260070801e-01 -3.707298338413238525e-01 -4.351170063018798828e-01 1.000000000000000000e+00
2.104838378727436066e-02 -4.348947405815124512e-01 -5.711423754692077637e-01 1.000000000000000000e+00
9.553135931491851807e-02 -4.915298223495483398e-01 -6.285424828529357910e-01 1.000000000000000000e+00
1.922120004892349243e-01 -5.007532238960266113e-01 -6.477044820785522461e-01 1.000000000000000000e+00
3.034757673740386963e-01 -4.540292322635650635e-01 -5.697558522224426270e-01 1.000000000000000000e+00
1.938024014234542847e-01 -4.037974178791046143e-01 -6.160243153572082520e-01 1.000000000000000000e+00
1.013980954885482788e-01 -4.041430354118347168e-01 -6.042371392250061035e-01 1.000000000000000000e+00
-3.291464745998382568e-01 3.208553194999694824e-01 -4.914299249649047852e-01 1.000000000000000000e+00
-2.969207763671875000e-01 2.492951452732086182e-01 -6.176555156707763672e-01 1.000000000000000000e+00
-2.223319113254547119e-01 2.138139009475708008e-01 -6.964021325111389160e-01 1.000000000000000000e+00
-1.679116040468215942e-01 2.154836207628250122e-01 -7.185158133506774902e-01 1.000000000000000000e+00
-1.091767922043800354e-01 2.098642438650131226e-01 -7.274698019027709961e-01 1.000000000000000000e+00
-1.526087056845426559e-03 2.382091581821441650e-01 -6.942722201347351074e-01 1.000000000000000000e+00
9.971161931753158569e-02 3.009290397167205811e-01 -6.025986671447753906e-01 1.000000000000000000e+00
3.357686474919319153e-02 3.660898208618164062e-01 -6.363637447357177734e-01 1.000000000000000000e+00
-6.359343230724334717e-02 3.986627161502838135e-01 -6.593838930130004883e-01 1.000000000000000000e+00
-1.267498135566711426e-01 4.085363447666168213e-01 -6.473054289817810059e-01 1.000000000000000000e+00
-1.902787685394287109e-01 4.036439955234527588e-01 -6.263328194618225098e-01 1.000000000000000000e+00
-2.719134688377380371e-01 3.807678222656250000e-01 -5.614619851112365723e-01 1.000000000000000000e+00
-3.224658966064453125e-01 3.197594285011291504e-01 -4.886046946048736572e-01 1.000000000000000000e+00
-2.029462456703186035e-01 2.778975367546081543e-01 -6.357117295265197754e-01 1.000000000000000000e+00
-1.490109264850616455e-01 2.737750411033630371e-01 -6.585348844528198242e-01 1.000000000000000000e+00
-9.013087302446365356e-02 2.767757773399353027e-01 -6.640678644180297852e-01 1.000000000000000000e+00
9.738823771476745605e-02 3.000296652317047119e-01 -6.017174124717712402e-01 1.000000000000000000e+00
-6.577172875404357910e-02 3.300631344318389893e-01 -6.445617675781250000e-01 1.000000000000000000e+00
-1.260598748922348022e-01 3.339790701866149902e-01 -6.322615146636962891e-01 1.000000000000000000e+00
-1.862539499998092651e-01 3.355014026165008545e-01 -6.139245629310607910e-01 1.000000000000000000e+00
