-7.391576170921325684e-01 -3.559349477291107178e-01 2.262457460165023804e-01 1.000000000000000000e+00
-7.178032398223876953e-01 -1.634882986545562744e-01 2.534561157226562500e-01 1.000000000000000000e+00
-6.924620866775512695e-01 5.331530794501304626e-02 2.689062058925628662e-01 1.000000000000000000e+00
-6.610196232795715332e-01 2.414585798978805542e-01 2.128767967224121094e-01 1.000000000000000000e+00
-5.804539918899536133e-01 4.108916521072387695e-01 8.823519945144653320e-02 1.000000000000000000e+00
-4.684563279151916504e-01 5.540812611579895020e-01 -9.561114013195037842e-02 1.000000000000000000e+00
-3.159976601600646973e-01 6.650031208992004395e-01 -2.181728333234786987e-01 1.000000000000000000e+00
-1.368360817432403564e-01 7.306960821151733398e-01 -3.493164777755737305e-01 1.000000000000000000e+00
5.332911387085914612e-02 7.638317346572875977e-01 -3.596983551979064941e-01 1.000000000000000000e+00
2.136564403772354126e-01 7.166330218315124512e-01 -3.365054428577423096e-01 1.000000000000000000e+00
3.802417814731597900e-01 6.441786289215087891e-01 -1.993348449468612671e-01 1.000000000000000000e+00
5.117918252944946289e-01 5.212118029594421387e-01 -7.279947400093078613e-02 1.000000000000000000e+00
6.044400930404663086e-01 3.725924491882324219e-01 1.122222691774368286e-01 1.000000000000000000e+00
6.636479496955871582e-01 1.976516693830490112e-01 2.382576614618301392e-01 0.000000000000000000e+00
6.817579269409179688e-01 1.208091992884874344e-02 2.878484725952148438e-01 1.000000000000000000e+00
6.985237002372741699e-01 -2.053587287664413452e-01 2.608117163181304932e-01 1.000000000000000000e+00
7.164970040321350098e-01 -3.992478251457214355e-01 2.355837523937225342e-01 1.000000000000000000e+00
-6.085181832313537598e-01 -4.435006678104400635e-01 -2.235212475061416626e-01 1.000000000000000000e+00
-5.167770385742187500e-01 -6.131610870361328125e-01 -3.736009895801544189e-01 1.000000000000000000e+00
-3.742066919803619385e-01 -6.458517909049987793e-01 -5.045911073684692383e-01 1.000000000000000000e+00
-2.225833088159561157e-01 -6.262279152870178223e-01 -5.684301853179931641e-01 1.000000000000000000e+00
-9.387867152690887451e-02 -5.791535973548889160e-01 -5.813813805580139160e-01 1.000000000000000000e+00
9.877792000770568848e-02 -5.840855836868286133e-01 -5.812568664550781250e-01 1.000000000000000000e+00
2.241319268941879272e-01 -6.380612254142761230e-01 -5.705213546752929688e-01 1.000000000000000000e+00
3.721667528152465820e-01 -6.671155691146850586e-01 -5.025631189346313477e-01 1.000000000000000000e+00
5.104639530181884766e-01 -6.446195840835571289e-01 -3.639100790023803711e-01 1.000000000000000000e+00
6.034704446792602539e-01 -4.812032282352447510e-01 -2.121758460998535156e-01 1.000000000000000000e+00
8.320515975356101990e-03 -4.151904284954071045e-01 -5.851382613182067871e-01 1.000000000000000000e+00
1.414131559431552887e-02 -2.851175069808959961e-01 -6.620470285415649414e-01 1.000000000000000000e+00
1.738890260457992554e-02 -1.889468431472778320e-01 -7.325460314750671387e-01 1.000000000000000000e+00
2.187258191406726837e-02 -8.866525441408157349e-02 -7.854965329170227051e-01 1.000000000000000000e+00
-1.017081514000892639e-01 4.038405790925025940e-02 -5.981713533401489258e-01 1.000000000000000000e+00
-4.042718559503555298e-02 5.227527767419815063e-02 -6.240202188491821289e-01 1.000000000000000000e+00
1.910655573010444641e-02 6.703936308622360229e-02 -6.431668400764465332e-01 1.000000000000000000e+00
7.752448320388793945e-02 5.006990209221839905e-02 -6.246064901351928711e-01 1.000000000000000000e+00
1.358183920383453369e-01 3.558074682950973511e-02 -5.976147651672363281e-01 1.000000000000000000e+00
-4.490216374397277832e-01 -3.679001629352569580e-01 -4.022146761417388916e-01 1.000000000000000000e+00
-3.617582619190216064e-01 -4.268564879894256592e-01 -5.013885498046875000e-01 1.000000000000000000e+00
-2.638941109180450439e-01 -4.238840639591217041e-01 -5.082964301109313965e-01 1.000000000000000000e+00
-1.762719005346298218e-01 -3.682586848735809326e-01 -4.716034233570098877e-01 1.000000000000000000e+00
-2.574067413806915283e-01 -3.368702232837677002e-01 -4.843665659427642822e-01 1.000000000000000000e+00
-3.496924638748168945e-01 -3.297296762466430664e-01 -4.744098484516143799e-01 1.000000000000000000e+00
1.852381527423858643e-01 -3.785864412784576416e-01 -4.765333235263824463e-01 1.000000000000000000e+00
2.711072862148284912e-01 -4.372506141662597656e-01 -5.105874538421630859e-01 1.000000000000000000e+00
3.681761026382446289e-01 -4.465551972389221191e-01 -5.024426579475402832e-01 1.000000000000000000e+00
4.554529786109924316e-01 -3.930864930152893066e-01 -3.990569114685058594e-01 1.000000000000000000e+00
3.609223663806915283e-01 -3.493693172931671143e-01 -4.752606749534606934e-01 1.000000000000000000e+00
2.689742743968963623e-01 -3.516093194484710693e-01 -4.875717461109161377e-01 1.000000000000000000e+00
-1.911738365888595581e-01 3.308227360248565674e-01 -5.028953552246093750e-01 1.000000000000000000e+00
-1.237202137708663940e-01 2.644661068916320801e-01 -6.067268848419189453e-01 1.000000000000000000e+00
-3.118249028921127319e-02 2.303164303302764893e-01 -6.592485904693603516e-01 1.000000000000000000e+00
2.570392563939094543e-02 2.328189909458160400e-01 -6.669861078262329102e-01 1.000000000000000000e+00
8.297453820705413818e-02 2.280132621526718140e-01 -6.590009331703186035e-01 1.000000000000000000e+00
1.759419143199920654e-01 2.583105564117431641e-01 -6.021075844764709473e-01 1.000000000000000000e+00
2.502100169658660889e-01 3.187026679515838623e-01 -4.971104860305786133e-01 1.000000000000000000e+00
1.911019682884216309e-01 3.720161318778991699e-01 -5.517995357513427734e-01 1.000000000000000000e+00
1.043698713183403015e-01 3.989081382751464844e-01 -6.058543920516967773e-01 1.000000000000000000e+00
4.113810136914253235e-02 4.076895415782928467e-01 -6.124961972236633301e-01 1.000000000000000000e+00
-2.496649138629436493e-02 4.016636610031127930e-01 -6.066549420356750488e-01 1.000000000000000000e+00
-1.192498430609703064e-01 3.811158239841461182e-01 -5.599852800369262695e-01 1.000000000000000000e+00
-1.852330267429351807e-01 3.307242691516876221e-01 -4.995434582233428955e-01 1.000000000000000000e+00
-2.971899509429931641e-02 2.943305373191833496e-01 -6.061429381370544434e-01 1.000000000000000000e+00
2.709569036960601807e-02 2.925195395946502686e-01 -6.139692664146423340e-01 1.000000000000000000e+00
8.369027078151702881e-02 2.944329082965850830e-01 -6.029205918312072754e-01 1.000000000000000000e+00
2.476908266544342041e-01 3.180594742298126221e-01 -4.971768558025360107e-01 1.000000000000000000e+00
9.975335747003555298e-02 3.342504501342773438e-01 -5.887539982795715332e-01 1.000000000000000000e+00
3.848018124699592590e-02 3.366914689540863037e-01 -5.931562781333923340e-01 1.000000000000000000e+00
-2.306019514799118042e-02 3.373602628707885742e-01 -5.906967520713806152e-01 1.000000000000000000e+00
