-7.295831441879272461e-01 -3.552817404270172119e-01
-7.071146368980407715e-01 -1.618272215127944946e-01
-6.906275153160095215e-01 2.365714497864246368e-02
-6.568841934204101562e-01 2.032952457666397095e-01
-5.815560221672058105e-01 3.688969016075134277e-01
-4.843556582927703857e-01 5.224919915199279785e-01
-3.323259651660919189e-01 6.484593749046325684e-01
-1.391850411891937256e-01 7.267172336578369141e-01
4.152100160717964172e-02 7.534259557723999023e-01
2.163735628128051758e-01 7.125775218009948730e-01
4.013221859931945801e-01 6.232592463493347168e-01
5.282785296440124512e-01 4.842425286769866943e-01
6.098630428314208984e-01 3.275588452816009521e-01
6.652560234069824219e-01 1.598097980022430420e-01
6.850968599319458008e-01 -1.783327944576740265e-02
6.935813426971435547e-01 -2.014018595218658447e-01
7.086457014083862305e-01 -3.940351307392120361e-01
-6.085181832313537598e-01 -4.435006678104400635e-01
-5.167770385742187500e-01 -6.131610870361328125e-01
-3.742066919803619385e-01 -6.458517909049987793e-01
-2.225833088159561157e-01 -6.262279152870178223e-01
-9.387867152690887451e-02 -5.791535973548889160e-01
9.877792000770568848e-02 -5.840855836868286133e-01
2.241319268941879272e-01 -6.380612254142761230e-01
3.721667528152465820e-01 -6.671155691146850586e-01
5.104639530181884766e-01 -6.446195840835571289e-01
6.034704446792602539e-01 -4.812032282352447510e-01
8.320515975356101990e-03 -4.151904284954071045e-01
1.414131559431552887e-02 -2.851175069808959961e-01
1.738890260457992554e-02 -1.889468431472778320e-01
2.187258191406726837e-02 -8.866525441408157349e-02
-1.017081514000892639e-01 4.038405790925025940e-02
-4.042718559503555298e-02 5.227527767419815063e-02
1.910655573010444641e-02 6.703936308622360229e-02
7.752448320388793945e-02 5.006990209221839905e-02
1.358183920383453369e-01 3.558074682950973511e-02
-4.490216374397277832e-01 -3.679001629352569580e-01
-3.617582619190216064e-01 -4.268564879894256592e-01
-2.638941109180450439e-01 -4.238840639591217041e-01
-1.762719005346298218e-01 -3.682586848735809326e-01
-2.574067413806915283e-01 -3.368702232837677002e-01
-3.496924638748168945e-01 -3.297296762466430664e-01
1.852381527423858643e-01 -3.785864412784576416e-01
2.711072862148284912e-01 -4.372506141662597656e-01
3.681761026382446289e-01 -4.465551972389221191e-01
4.554529786109924316e-01 -3.930864930152893066e-01
3.609223663806915283e-01 -3.493693172931671143e-01
2.689742743968963623e-01 -3.516093194484710693e-01
-1.911738365888595581e-01 3.308227360248565674e-01
-1.237202137708663940e-01 2.644661068916320801e-01
-3.118249028921127319e-02 2.303164303302764893e-01
2.570392563939094543e-02 2.328189909458160400e-01
8.297453820705413818e-02 2.280132621526718140e-01
1.759419143199920654e-01 2.583105564117431641e-01
2.502100169658660889e-01 3.187026679515838623e-01
1.911019682884216309e-01 3.720161318778991699e-01
1.043698713183403015e-01 3.989081382751464844e-01
4.113810136914253235e-02 4.076895415782928467e-01
-2.496649138629436493e-02 4.016636610031127930e-01
-1.192498430609703064e-01 3.811158239841461182e-01
-1.852330267429351807e-01 3.307242691516876221e-01
-2.971899509429931641e-02 2.943305373191833496e-01
2.709569036960601807e-02 2.925195395946502686e-01
8.369027078151702881e-02 2.944329082965850830e-01
2.476908266544342041e-01 3.180594742298126221e-01
9.975335747003555298e-02 3.342504501342773438e-01
3.848018124699592590e-02 3.366914689540863037e-01
-2.306019514799118042e-02 3.373602628707885742e-01
