-7.399907708168029785e-01 -3.550076484680175781e-01 2.291707694530487061e-01 1.000000000000000000e+00
-7.184269428253173828e-01 -1.621736288070678711e-01 2.565050721168518066e-01 1.000000000000000000e+00
-6.924391984939575195e-01 5.543605238199234009e-02 2.723543047904968262e-01 1.000000000000000000e+00
-6.596862673759460449e-01 2.441357076168060303e-01 2.167428135871887207e-01 1.000000000000000000e+00
-5.775924324989318848e-01 4.132651090621948242e-01 9.224697947502136230e-02 1.000000000000000000e+00
-4.642518460750579834e-01 5.559376478195190430e-01 -9.106745570898056030e-02 1.000000000000000000e+00
-3.100680708885192871e-01 6.645584702491760254e-01 -2.150765210390090942e-01 1.000000000000000000e+00
-1.296844035387039185e-01 7.258492708206176758e-01 -3.483216166496276855e-01 1.000000000000000000e+00
5.990687012672424316e-02 7.552644014358520508e-01 -3.611375987529754639e-01 1.000000000000000000e+00
2.184487283229827881e-01 7.067410349845886230e-01 -3.386133909225463867e-01 1.000000000000000000e+00
3.842458724975585938e-01 6.344851851463317871e-01 -2.008426040410995483e-01 1.000000000000000000e+00
5.143520832061767578e-01 5.131185650825500488e-01 -7.327312231063842773e-02 1.000000000000000000e+00
6.056640148162841797e-01 3.668757379055023193e-01 1.119429618120193481e-01 1.000000000000000000e+00
6.644546985626220703e-01 1.942549198865890503e-01 2.383515238761901855e-01 0.000000000000000000e+00
6.818447113037109375e-01 9.880113415420055389e-03 2.885031104087829590e-01 1.000000000000000000e+00
6.979634165763854980e-01 -2.067712247371673584e-01 2.621492743492126465e-01 1.000000000000000000e+00
7.157844901084899902e-01 -4.003431797027587891e-01 2.372892946004867554e-01 1.000000000000000000e+00
-6.086851954460144043e-01 -4.420999884605407715e-01 -2.218234986066818237e-01 1.000000000000000000e+00
-5.159705281257629395e-01 -6.084715127944946289e-01 -3.733344972133636475e-01 1.000000000000000000e+00
-3.722416460514068604e-01 -6.416774392127990723e-01 -5.028397440910339355e-01 1.000000000000000000e+00
-2.207224071025848389e-01 -6.234011054039001465e-01 -5.658001899719238281e-01 1.000000000000000000e+00
-9.280768036842346191e-02 -5.781368017196655273e-01 -5.784997940063476562e-01 1.000000000000000000e+00
9.793534129858016968e-02 -5.843139290809631348e-01 -5.784789323806762695e-01 1.000000000000000000e+00
2.224627137184143066e-01 -6.368262767791748047e-01 -5.672781467437744141e-01 1.000000000000000000e+00
3.702363073825836182e-01 -6.636447310447692871e-01 -5.008512735366821289e-01 1.000000000000000000e+00
5.089651942253112793e-01 -6.410451531410217285e-01 -3.636251091957092285e-01 1.000000000000000000e+00
6.026762723922729492e-01 -4.814668297767639160e-01 -2.109741568565368652e-01 1.000000000000000000e+00
8.088046684861183167e-03 -4.170841574668884277e-01 -5.838544964790344238e-01 1.000000000000000000e+00
1.419773511588573456e-02 -2.880632281303405762e-01 -6.601665019989013672e-01 1.000000000000000000e+00
1.750989258289337158e-02 -1.931898444890975952e-01 -7.309923171997070312e-01 1.000000000000000000e+00
2.184041962027549744e-02 -9.407149255275726318e-02 -7.845621109008789062e-01 1.000000000000000000e+00
-1.029057204723358154e-01 3.202930465340614319e-02 -5.962381362915039062e-01 1.000000000000000000e+00
-4.094834998250007629e-02 4.535971209406852722e-02 -6.225783824920654297e-01 1.000000000000000000e+00
1.890840381383895874e-02 6.055555120110511780e-02 -6.416930556297302246e-01 1.000000000000000000e+00
7.787785679101943970e-02 4.293187707662582397e-02 -6.233812570571899414e-01 1.000000000000000000e+00
1.370334476232528687e-01 2.691471576690673828e-02 -5.961711406707763672e-01 1.000000000000000000e+00
-4.476637244224548340e-01 -3.629557192325592041e-01 -4.021105468273162842e-01 1.000000000000000000e+00
-3.590906560420989990e-01 -4.083843529224395752e-01 -4.992941915988922119e-01 1.000000000000000000e+00
-2.648117542266845703e-01 -4.078912734985351562e-01 -5.048145651817321777e-01 1.000000000000000000e+00
-1.765610277652740479e-01 -3.660353422164916992e-01 -4.702953398227691650e-01 1.000000000000000000e+00
-2.586594820022583008e-01 -3.370921015739440918e-01 -4.845987558364868164e-01 1.000000000000000000e+00
-3.506549596786499023e-01 -3.291512429714202881e-01 -4.750824868679046631e-01 1.000000000000000000e+00
1.853835731744766235e-01 -3.762607872486114502e-01 -4.751570522785186768e-01 1.000000000000000000e+00
2.726217508316040039e-01 -4.215421080589294434e-01 -5.070851445198059082e-01 1.000000000000000000e+00
3.665078282356262207e-01 -4.281486868858337402e-01 -4.998402297496795654e-01 1.000000000000000000e+00
4.542276859283447266e-01 -3.885892629623413086e-01 -3.989843428134918213e-01 1.000000000000000000e+00
3.614073395729064941e-01 -3.490209579467773438e-01 -4.756113886833190918e-01 1.000000000000000000e+00
2.697172462940216064e-01 -3.518204689025878906e-01 -4.871553480625152588e-01 1.000000000000000000e+00
-1.947064250707626343e-01 3.232589662075042725e-01 -4.968571662902832031e-01 1.000000000000000000e+00
-1.264891475439071655e-01 2.548401653766632080e-01 -6.007832288742065430e-01 1.000000000000000000e+00
-3.194247558712959290e-02 2.219927161931991577e-01 -6.543481349945068359e-01 1.000000000000000000e+00
2.569920383393764496e-02 2.252301424741744995e-01 -6.620683073997497559e-01 1.000000000000000000e+00
8.368933200836181641e-02 2.193417698144912720e-01 -6.540384292602539062e-01 1.000000000000000000e+00
1.778056174516677856e-01 2.474192231893539429e-01 -5.963177680969238281e-01 1.000000000000000000e+00
2.522341012954711914e-01 3.056169152259826660e-01 -4.927122890949249268e-01 1.000000000000000000e+00
1.914246082305908203e-01 3.608227968215942383e-01 -5.494390726089477539e-01 1.000000000000000000e+00
1.033079251646995544e-01 3.885621726512908936e-01 -6.046670675277709961e-01 1.000000000000000000e+00
3.910425305366516113e-02 3.985125422477722168e-01 -6.104977726936340332e-01 1.000000000000000000e+00
-2.787979319691658020e-02 3.935984075069427490e-01 -6.036162972450256348e-01 1.000000000000000000e+00
-1.229499578475952148e-01 3.750401735305786133e-01 -5.548992156982421875e-01 1.000000000000000000e+00
-1.888905316591262817e-01 3.232679665088653564e-01 -4.933865368366241455e-01 1.000000000000000000e+00
-3.078075684607028961e-02 2.842369377613067627e-01 -5.993783473968505859e-01 1.000000000000000000e+00
2.718870900571346283e-02 2.826409637928009033e-01 -6.068972945213317871e-01 1.000000000000000000e+00
8.483402431011199951e-02 2.837556302547454834e-01 -5.966287851333618164e-01 1.000000000000000000e+00
2.497899979352951050e-01 3.050726354122161865e-01 -4.927770197391510010e-01 1.000000000000000000e+00
9.732604026794433594e-02 3.229854404926300049e-01 -5.844948887825012207e-01 1.000000000000000000e+00
3.539603203535079956e-02 3.261142075061798096e-01 -5.886761546134948730e-01 1.000000000000000000e+00
-2.748470194637775421e-02 3.284399211406707764e-01 -5.854686498641967773e-01 1.000000000000000000e+00
