-7.308976650238037109e-01 -3.541176319122314453e-01
-7.079427838325500488e-01 -1.601221114397048950e-01
-6.906295418739318848e-01 2.631238847970962524e-02
-6.560670733451843262e-01 2.063610255718231201e-01
-5.800030231475830078e-01 3.721235096454620361e-01
-4.809884428977966309e-01 5.249066948890686035e-01
-3.269103169441223145e-01 6.484661102294921875e-01
-1.322594732046127319e-01 7.220940589904785156e-01
4.776281863451004028e-02 7.451605796813964844e-01
2.211337238550186157e-01 7.027679085731506348e-01
4.051272273063659668e-01 6.136326789855957031e-01
5.306906700134277344e-01 4.762665331363677979e-01
6.108580231666564941e-01 3.212353289127349854e-01
6.648702025413513184e-01 1.551480144262313843e-01
6.841107010841369629e-01 -2.182808332145214081e-02
6.925295591354370117e-01 -2.051417380571365356e-01
7.079405784606933594e-01 -3.958385586738586426e-01
-6.086851954460144043e-01 -4.420999884605407715e-01
-5.159705281257629395e-01 -6.084715127944946289e-01
-3.722416460514068604e-01 -6.416774392127990723e-01
-2.207224071025848389e-01 -6.234011054039001465e-01
-9.280768036842346191e-02 -5.781368017196655273e-01
9.793534129858016968e-02 -5.843139290809631348e-01
2.224627137184143066e-01 -6.368262767791748047e-01
3.702363073825836182e-01 -6.636447310447692871e-01
5.089651942253112793e-01 -6.410451531410217285e-01
6.026762723922729492e-01 -4.814668297767639160e-01
8.088046684861183167e-03 -4.170841574668884277e-01
1.419773511588573456e-02 -2.880632281303405762e-01
1.750989258289337158e-02 -1.931898444890975952e-01
2.184041962027549744e-02 -9.407149255275726318e-02
-1.029057204723358154e-01 3.202930465340614319e-02
-4.094834998250007629e-02 4.535971209406852722e-02
1.890840381383895874e-02 6.055555120110511780e-02
7.787785679101943970e-02 4.293187707662582397e-02
1.370334476232528687e-01 2.691471576690673828e-02
-4.476637244224548340e-01 -3.629557192325592041e-01
-3.590906560420989990e-01 -4.083843529224395752e-01
-2.648117542266845703e-01 -4.078912734985351562e-01
-1.765610277652740479e-01 -3.660353422164916992e-01
-2.586594820022583008e-01 -3.370921015739440918e-01
-3.506549596786499023e-01 -3.291512429714202881e-01
1.853835731744766235e-01 -3.762607872486114502e-01
2.726217508316040039e-01 -4.215421080589294434e-01
3.665078282356262207e-01 -4.281486868858337402e-01
4.542276859283447266e-01 -3.885892629623413086e-01
3.614073395729064941e-01 -3.490209579467773438e-01
2.697172462940216064e-01 -3.518204689025878906e-01
-1.947064250707626343e-01 3.232589662075042725e-01
-1.264891475439071655e-01 2.548401653766632080e-01
-3.194247558712959290e-02 2.219927161931991577e-01
2.569920383393764496e-02 2.252301424741744995e-01
8.368933200836181641e-02 2.193417698144912720e-01
1.778056174516677856e-01 2.474192231893539429e-01
2.522341012954711914e-01 3.056169152259826660e-01
1.914246082305908203e-01 3.608227968215942383e-01
1.033079251646995544e-01 3.885621726512908936e-01
3.910425305366516113e-02 3.985125422477722168e-01
-2.787979319691658020e-02 3.935984075069427490e-01
-1.229499578475952148e-01 3.750401735305786133e-01
-1.888905316591262817e-01 3.232679665088653564e-01
-3.078075684607028961e-02 2.842369377613067627e-01
2.718870900571346283e-02 2.826409637928009033e-01
8.483402431011199951e-02 2.837556302547454834e-01
2.497899979352951050e-01 3.050726354122161865e-01
9.732604026794433594e-02 3.229854404926300049e-01
3.539603203535079956e-02 3.261142075061798096e-01
-2.748470194637775421e-02 3.284399211406707764e-01
