-6.869860291481018066e-01 -4.296459853649139404e-01 3.318189680576324463e-01 0.000000000000000000e+00
-6.600915193557739258e-01 -2.362110316753387451e-01 3.702683150768280029e-01 0.000000000000000000e+00
-6.221706271171569824e-01 -1.908552087843418121e-02 3.967790007591247559e-01 0.000000000000000000e+00
-5.963065028190612793e-01 1.717965155839920044e-01 3.418919742107391357e-01 0.000000000000000000e+00
-5.485404133796691895e-01 3.566788136959075928e-01 2.089596390724182129e-01 0.000000000000000000e+00
-4.752477407455444336e-01 5.192984342575073242e-01 4.285639151930809021e-03 1.000000000000000000e+00
-3.643891215324401855e-01 6.526432037353515625e-01 -1.597051620483398438e-01 1.000000000000000000e+00
-2.247432768344879150e-01 7.441081404685974121e-01 -3.365626037120819092e-01 1.000000000000000000e+00
-3.072804957628250122e-02 7.721238732337951660e-01 -4.007375538349151611e-01 1.000000000000000000e+00
1.363130509853363037e-01 7.178817391395568848e-01 -4.250373840332031250e-01 1.000000000000000000e+00
3.238068521022796631e-01 6.089869737625122070e-01 -3.294585645198822021e-01 1.000000000000000000e+00
4.743022918701171875e-01 4.612603783607482910e-01 -2.331493347883224487e-01 1.000000000000000000e+00
6.061324477195739746e-01 2.874439358711242676e-01 -8.282831311225891113e-02 1.000000000000000000e+00
6.808697581291198730e-01 9.461703151464462280e-02 1.711773499846458435e-02 1.000000000000000000e+00
7.152965068817138672e-01 -9.200439602136611938e-02 5.075814947485923767e-02 1.000000000000000000e+00
7.141008973121643066e-01 -3.098935484886169434e-01 6.580607034265995026e-03 1.000000000000000000e+00
7.101277709007263184e-01 -5.045489668846130371e-01 -3.581656515598297119e-02 1.000000000000000000e+00
-6.787647604942321777e-01 -4.853183925151824951e-01 -1.471837162971496582e-01 1.000000000000000000e+00
-6.437273025512695312e-01 -6.432147026062011719e-01 -3.334022760391235352e-01 1.000000000000000000e+00
-5.401464700698852539e-01 -6.700104475021362305e-01 -5.011063218116760254e-01 1.000000000000000000e+00
-4.093218743801116943e-01 -6.512229442596435547e-01 -6.023596525192260742e-01 1.000000000000000000e+00
-2.865535914897918701e-01 -6.105543971061706543e-01 -6.482273340225219727e-01 1.000000000000000000e+00
-9.907758235931396484e-02 -6.185615658760070801e-01 -6.995283961296081543e-01 1.000000000000000000e+00
2.413151413202285767e-02 -6.705606579780578613e-01 -7.221790552139282227e-01 1.000000000000000000e+00
1.839576959609985352e-01 -7.055749297142028809e-01 -6.939567327499389648e-01 1.000000000000000000e+00
3.522236049175262451e-01 -6.958323121070861816e-01 -5.897788405418395996e-01 1.000000000000000000e+00
4.818677902221679688e-01 -5.487880706787109375e-01 -4.468043446540832520e-01 1.000000000000000000e+00
-1.869316846132278442e-01 -4.681670665740966797e-01 -6.882701516151428223e-01 1.000000000000000000e+00
-2.005591392517089844e-01 -3.356082439422607422e-01 -7.642793655395507812e-01 1.000000000000000000e+00
-2.137464135885238647e-01 -2.255674749612808228e-01 -8.306027054786682129e-01 1.000000000000000000e+00
-2.209388762712478638e-01 -1.111587211489677429e-01 -8.826550841331481934e-01 1.000000000000000000e+00
-2.828190326690673828e-01 3.340964671224355698e-03 -6.328870654106140137e-01 1.000000000000000000e+00
-2.316130697727203369e-01 1.975644752383232117e-02 -6.788983345031738281e-01 1.000000000000000000e+00
-1.769249439239501953e-01 3.737841919064521790e-02 -7.142517566680908203e-01 1.000000000000000000e+00
-1.146950945258140564e-01 1.546521857380867004e-02 -7.117671370506286621e-01 1.000000000000000000e+00
-5.074333772063255310e-02 -5.508413538336753845e-03 -6.947012543678283691e-01 1.000000000000000000e+00
-5.658898949623107910e-01 -4.089692831039428711e-01 -3.424506485462188721e-01 1.000000000000000000e+00
-5.063887238502502441e-01 -4.584577679634094238e-01 -4.593992531299591064e-01 1.000000000000000000e+00
-4.137356281280517578e-01 -4.604586064815521240e-01 -4.889884293079376221e-01 1.000000000000000000e+00
-3.169033825397491455e-01 -4.172074794769287109e-01 -4.768321514129638672e-01 1.000000000000000000e+00
-4.007586240768432617e-01 -3.799050450325012207e-01 -4.686876535415649414e-01 1.000000000000000000e+00
-4.877260625362396240e-01 -3.704883456230163574e-01 -4.353113472461700439e-01 1.000000000000000000e+00
2.118045277893543243e-02 -4.336228966712951660e-01 -5.705075263977050781e-01 1.000000000000000000e+00
9.677076339721679688e-02 -4.835684299468994141e-01 -6.266734600067138672e-01 1.000000000000000000e+00
1.918419748544692993e-01 -4.913656413555145264e-01 -6.457127332687377930e-01 1.000000000000000000e+00
3.027277886867523193e-01 -4.516839385032653809e-01 -5.695027112960815430e-01 1.000000000000000000e+00
1.938182711601257324e-01 -4.035494327545166016e-01 -6.162778139114379883e-01 1.000000000000000000e+00
1.015027016401290894e-01 -4.042041897773742676e-01 -6.041270494461059570e-01 1.000000000000000000e+00
-3.296026885509490967e-01 3.145919144153594971e-01 -4.910878241062164307e-01 1.000000000000000000e+00
-2.977861166000366211e-01 2.424930632114410400e-01 -6.156088709831237793e-01 1.000000000000000000e+00
-2.223808616399765015e-01 2.078643590211868286e-01 -6.945196986198425293e-01 1.000000000000000000e+00
-1.675633490085601807e-01 2.101234048604965210e-01 -7.166891098022460938e-01 1.000000000000000000e+00
-1.084812805056571960e-01 2.037426829338073730e-01 -7.258199453353881836e-01 1.000000000000000000e+00
-1.471794530516490340e-04 2.305651307106018066e-01 -6.930871605873107910e-01 1.000000000000000000e+00
1.013052240014076233e-01 2.910795509815216064e-01 -6.039878726005554199e-01 1.000000000000000000e+00
3.469101339578628540e-02 3.553344905376434326e-01 -6.391762495040893555e-01 1.000000000000000000e+00
-6.305992603302001953e-02 3.879927396774291992e-01 -6.627994775772094727e-01 1.000000000000000000e+00
-1.263346672058105469e-01 3.985182344913482666e-01 -6.501002907752990723e-01 1.000000000000000000e+00
-1.900322139263153076e-01 3.944900333881378174e-01 -6.284137368202209473e-01 1.000000000000000000e+00
-2.717743217945098877e-01 3.733677864074707031e-01 -5.621724128723144531e-01 1.000000000000000000e+00
-3.229264020919799805e-01 3.134259879589080811e-01 -4.882606565952301025e-01 1.000000000000000000e+00
-2.030597776174545288e-01 2.710279524326324463e-01 -6.335396170616149902e-01 1.000000000000000000e+00
-1.484325081110000610e-01 2.671100497245788574e-01 -6.562431454658508301e-01 1.000000000000000000e+00
-8.912286907434463501e-02 2.695618569850921631e-01 -6.625934839248657227e-01 1.000000000000000000e+00
9.901186078786849976e-02 2.902488708496093750e-01 -6.030940413475036621e-01 1.000000000000000000e+00
-6.570574641227722168e-02 3.185707926750183105e-01 -6.464897990226745605e-01 1.000000000000000000e+00
-1.262274831533432007e-01 3.229128122329711914e-01 -6.340076327323913574e-01 1.000000000000000000e+00
-1.869978457689285278e-01 3.256047070026397705e-01 -6.149882078170776367e-01 1.000000000000000000e+00
