-6.873015165328979492e-01 -3.801711499691009521e-01
-6.910634636878967285e-01 -1.998233795166015625e-01
-6.546672582626342773e-01 -1.930749043822288513e-02
-6.280210614204406738e-01 1.378839462995529175e-01
-5.807464718818664551e-01 3.003028929233551025e-01
-5.108109712600708008e-01 4.561641514301300049e-01
-4.037113785743713379e-01 6.095444560050964355e-01
-2.351502031087875366e-01 7.390826940536499023e-01
-6.020487844944000244e-02 7.661091089248657227e-01
1.362949013710021973e-01 7.166111469268798828e-01
3.263989090919494629e-01 6.067098975181579590e-01
4.760468304157257080e-01 4.549307525157928467e-01
6.048355102539062500e-01 2.798175513744354248e-01
6.815676093101501465e-01 8.320667594671249390e-02
7.066740393638610840e-01 -1.058942899107933044e-01
7.068775892257690430e-01 -3.096122145652770996e-01
7.049961686134338379e-01 -5.072184205055236816e-01
-6.787647604942321777e-01 -4.853183925151824951e-01
-6.437273025512695312e-01 -6.432147026062011719e-01
-5.401464700698852539e-01 -6.700104475021362305e-01
-4.093218743801116943e-01 -6.512229442596435547e-01
-2.865535914897918701e-01 -6.105543971061706543e-01
-9.907758235931396484e-02 -6.185615658760070801e-01
2.413151413202285767e-02 -6.705606579780578613e-01
1.839576959609985352e-01 -7.055749297142028809e-01
3.522236049175262451e-01 -6.958323121070861816e-01
4.818677902221679688e-01 -5.487880706787109375e-01
-1.869316846132278442e-01 -4.681670665740966797e-01
-2.005591392517089844e-01 -3.356082439422607422e-01
-2.137464135885238647e-01 -2.255674749612808228e-01
-2.209388762712478638e-01 -1.111587211489677429e-01
-2.828190326690673828e-01 3.340964671224355698e-03
-2.316130697727203369e-01 1.975644752383232117e-02
-1.769249439239501953e-01 3.737841919064521790e-02
-1.146950945258140564e-01 1.546521857380867004e-02
-5.074333772063255310e-02 -5.508413538336753845e-03
-5.658898949623107910e-01 -4.089692831039428711e-01
-5.063887238502502441e-01 -4.584577679634094238e-01
-4.137356281280517578e-01 -4.604586064815521240e-01
-3.169033825397491455e-01 -4.172074794769287109e-01
-4.007586240768432617e-01 -3.799050450325012207e-01
-4.877260625362396240e-01 -3.704883456230163574e-01
2.118045277893543243e-02 -4.336228966712951660e-01
9.677076339721679688e-02 -4.835684299468994141e-01
1.918419748544692993e-01 -4.913656413555145264e-01
3.027277886867523193e-01 -4.516839385032653809e-01
1.938182711601257324e-01 -4.035494327545166016e-01
1.015027016401290894e-01 -4.042041897773742676e-01
-3.296026885509490967e-01 3.145919144153594971e-01
-2.977861166000366211e-01 2.424930632114410400e-01
-2.223808616399765015e-01 2.078643590211868286e-01
-1.675633490085601807e-01 2.101234048604965210e-01
-1.084812805056571960e-01 2.037426829338073730e-01
-1.471794530516490340e-04 2.305651307106018066e-01
1.013052240014076233e-01 2.910795509815216064e-01
3.469101339578628540e-02 3.553344905376434326e-01
-6.305992603302001953e-02 3.879927396774291992e-01
-1.263346672058105469e-01 3.985182344913482666e-01
-1.900322139263153076e-01 3.944900333881378174e-01
-2.717743217945098877e-01 3.733677864074707031e-01
-3.229264020919799805e-01 3.134259879589080811e-01
-2.030597776174545288e-01 2.710279524326324463e-01
-1.484325081110000610e-01 2.671100497245788574e-01
-8.912286907434463501e-02 2.695618569850921631e-01
9.901186078786849976e-02 2.902488708496093750e-01
-6.570574641227722168e-02 3.185707926750183105e-01
-1.262274831533432007e-01 3.229128122329711914e-01
-1.869978457689285278e-01 3.256047070026397705e-01
