-7.398190498352050781e-01 -3.553733229637145996e-01 2.291531860828399658e-01 1.000000000000000000e+00
-7.183170914649963379e-01 -1.626036465167999268e-01 2.563588023185729980e-01 1.000000000000000000e+00
-6.924625039100646973e-01 5.484572798013687134e-02 2.719841003417968750e-01 1.000000000000000000e+00
-6.599356532096862793e-01 2.434097975492477417e-01 2.161680907011032104e-01 1.000000000000000000e+00
-5.777885317802429199e-01 4.122281968593597412e-01 9.144861996173858643e-02 1.000000000000000000e+00
-4.644053876399993896e-01 5.545605421066284180e-01 -9.231344610452651978e-02 1.000000000000000000e+00
-3.103317916393280029e-01 6.630823612213134766e-01 -2.165188193321228027e-01 1.000000000000000000e+00
-1.299162209033966064e-01 7.246978282928466797e-01 -3.493939936161041260e-01 1.000000000000000000e+00
5.953552573919296265e-02 7.547456026077270508e-01 -3.614575862884521484e-01 1.000000000000000000e+00
2.181226313114166260e-01 7.067387700080871582e-01 -3.383815586566925049e-01 1.000000000000000000e+00
3.836388885974884033e-01 6.350088715553283691e-01 -2.003276199102401733e-01 1.000000000000000000e+00
5.137634277343750000e-01 5.139511227607727051e-01 -7.243683189153671265e-02 1.000000000000000000e+00
6.052001118659973145e-01 3.675449490547180176e-01 1.128403618931770325e-01 1.000000000000000000e+00
6.643471717834472656e-01 1.948318630456924438e-01 2.392271012067794800e-01 0.000000000000000000e+00
6.819014549255371094e-01 1.020689494907855988e-02 2.891848683357238770e-01 1.000000000000000000e+00
6.981267929077148438e-01 -2.066185623407363892e-01 2.627029716968536377e-01 1.000000000000000000e+00
7.159918546676635742e-01 -4.002853631973266602e-01 2.378019541501998901e-01 1.000000000000000000e+00
-6.084189414978027344e-01 -4.419544935226440430e-01 -2.217487543821334839e-01 1.000000000000000000e+00
-5.155796408653259277e-01 -6.072088479995727539e-01 -3.736399412155151367e-01 1.000000000000000000e+00
-3.717268705368041992e-01 -6.402082443237304688e-01 -5.029721856117248535e-01 1.000000000000000000e+00
-2.201852947473526001e-01 -6.217442154884338379e-01 -5.658335089683532715e-01 1.000000000000000000e+00
-9.250660240650177002e-02 -5.770580768585205078e-01 -5.784582495689392090e-01 1.000000000000000000e+00
9.783040732145309448e-02 -5.833431482315063477e-01 -5.785599350929260254e-01 1.000000000000000000e+00
2.222267985343933105e-01 -6.355667114257812500e-01 -5.673016309738159180e-01 1.000000000000000000e+00
3.699343800544738770e-01 -6.622884869575500488e-01 -5.009981989860534668e-01 1.000000000000000000e+00
5.087526440620422363e-01 -6.398822665214538574e-01 -3.638806045055389404e-01 1.000000000000000000e+00
6.028238534927368164e-01 -4.812909662723541260e-01 -2.106892913579940796e-01 1.000000000000000000e+00
8.093703538179397583e-03 -4.171493947505950928e-01 -5.839684605598449707e-01 1.000000000000000000e+00
1.418328564614057541e-02 -2.881705164909362793e-01 -6.601282358169555664e-01 1.000000000000000000e+00
1.746894046664237976e-02 -1.931810081005096436e-01 -7.309635281562805176e-01 1.000000000000000000e+00
2.172967419028282166e-02 -9.398803859949111938e-02 -7.845453619956970215e-01 1.000000000000000000e+00
-1.027334332466125488e-01 3.275730833411216736e-02 -5.961984992027282715e-01 1.000000000000000000e+00
-4.093353450298309326e-02 4.574385657906532288e-02 -6.225280761718750000e-01 1.000000000000000000e+00
1.878829486668109894e-02 6.080448254942893982e-02 -6.418078541755676270e-01 1.000000000000000000e+00
7.765971124172210693e-02 4.338328540325164795e-02 -6.235253214836120605e-01 1.000000000000000000e+00
1.367175728082656860e-01 2.776691317558288574e-02 -5.964450836181640625e-01 1.000000000000000000e+00
-4.474440217018127441e-01 -3.625763058662414551e-01 -4.019397199153900146e-01 1.000000000000000000e+00
-3.587039709091186523e-01 -4.064964950084686279e-01 -4.988530278205871582e-01 1.000000000000000000e+00
-2.648013234138488770e-01 -4.062260985374450684e-01 -5.042591691017150879e-01 1.000000000000000000e+00
-1.765268296003341675e-01 -3.658699393272399902e-01 -4.700006842613220215e-01 1.000000000000000000e+00
-2.586655318737030029e-01 -3.371342718601226807e-01 -4.844998121261596680e-01 1.000000000000000000e+00
-3.506290316581726074e-01 -3.291105031967163086e-01 -4.749697446823120117e-01 1.000000000000000000e+00
1.852163672447204590e-01 -3.759100735187530518e-01 -4.751698672771453857e-01 1.000000000000000000e+00
2.724799215793609619e-01 -4.204449951648712158e-01 -5.069712400436401367e-01 1.000000000000000000e+00
3.662022352218627930e-01 -4.269332289695739746e-01 -4.997244477272033691e-01 1.000000000000000000e+00
4.540036320686340332e-01 -3.882082104682922363e-01 -3.990418016910552979e-01 1.000000000000000000e+00
3.611779212951660156e-01 -3.486521244049072266e-01 -4.756499826908111572e-01 1.000000000000000000e+00
2.695016860961914062e-01 -3.515296578407287598e-01 -4.871894121170043945e-01 1.000000000000000000e+00
-1.927802562713623047e-01 3.237777948379516602e-01 -4.988342821598052979e-01 1.000000000000000000e+00
-1.257257908582687378e-01 2.557068169116973877e-01 -6.024225950241088867e-01 1.000000000000000000e+00
-3.188630938529968262e-02 2.224859297275543213e-01 -6.558209061622619629e-01 1.000000000000000000e+00
2.565216273069381714e-02 2.256952524185180664e-01 -6.636663675308227539e-01 1.000000000000000000e+00
8.358988165855407715e-02 2.199376076459884644e-01 -6.556176543235778809e-01 1.000000000000000000e+00
1.775313317775726318e-01 2.485588490962982178e-01 -5.979954004287719727e-01 1.000000000000000000e+00
2.523256838321685791e-01 3.074942827224731445e-01 -4.940077364444732666e-01 1.000000000000000000e+00
1.928047835826873779e-01 3.624580204486846924e-01 -5.498964786529541016e-01 1.000000000000000000e+00
1.053194180130958557e-01 3.901661038398742676e-01 -6.050728559494018555e-01 1.000000000000000000e+00
4.115566611289978027e-02 3.998662829399108887e-01 -6.109406352043151855e-01 1.000000000000000000e+00
-2.589520066976547241e-02 3.946502506732940674e-01 -6.044772267341613770e-01 1.000000000000000000e+00
-1.208566799759864807e-01 3.753412365913391113e-01 -5.565465688705444336e-01 1.000000000000000000e+00
-1.869219392538070679e-01 3.238043487071990967e-01 -4.953859150409698486e-01 1.000000000000000000e+00
-3.056649677455425262e-02 2.849820256233215332e-01 -6.007783412933349609e-01 1.000000000000000000e+00
2.719005383551120758e-02 2.834229767322540283e-01 -6.084001660346984863e-01 1.000000000000000000e+00
8.462071418762207031e-02 2.846623957157135010e-01 -5.980147719383239746e-01 1.000000000000000000e+00
2.498787641525268555e-01 3.069547116756439209e-01 -4.940981864929199219e-01 1.000000000000000000e+00
9.950564056634902954e-02 3.244521617889404297e-01 -5.849172472953796387e-01 1.000000000000000000e+00
3.779106959700584412e-02 3.273665308952331543e-01 -5.891404151916503906e-01 1.000000000000000000e+00
-2.500859461724758148e-02 3.293219804763793945e-01 -5.863938331604003906e-01 1.000000000000000000e+00
