-7.307884693145751953e-01 -3.545061945915222168e-01
-7.076411247253417969e-01 -1.607678383588790894e-01
-6.904007196426391602e-01 2.564270794391632080e-02
-6.559914350509643555e-01 2.055059224367141724e-01
-5.798729658126831055e-01 3.710201680660247803e-01
-4.810126423835754395e-01 5.235537290573120117e-01
-3.270931839942932129e-01 6.469708681106567383e-01
-1.324466913938522339e-01 7.209480404853820801e-01
4.757744818925857544e-02 7.446247339248657227e-01
2.208776324987411499e-01 7.028208971023559570e-01
4.045550227165222168e-01 6.142636537551879883e-01
5.301076769828796387e-01 4.772296249866485596e-01
6.103733777999877930e-01 3.222024142742156982e-01
6.646727919578552246e-01 1.559081077575683594e-01
6.841460466384887695e-01 -2.122789621353149414e-02
6.928551197052001953e-01 -2.047385573387145996e-01
7.082734704017639160e-01 -3.956956267356872559e-01
-6.084189414978027344e-01 -4.419544935226440430e-01
-5.155796408653259277e-01 -6.072088479995727539e-01
-3.717268705368041992e-01 -6.402082443237304688e-01
-2.201852947473526001e-01 -6.217442154884338379e-01
-9.250660240650177002e-02 -5.770580768585205078e-01
9.783040732145309448e-02 -5.833431482315063477e-01
2.222267985343933105e-01 -6.355667114257812500e-01
3.699343800544738770e-01 -6.622884869575500488e-01
5.087526440620422363e-01 -6.398822665214538574e-01
6.028238534927368164e-01 -4.812909662723541260e-01
8.093703538179397583e-03 -4.171493947505950928e-01
1.418328564614057541e-02 -2.881705164909362793e-01
1.746894046664237976e-02 -1.931810081005096436e-01
2.172967419028282166e-02 -9.398803859949111938e-02
-1.027334332466125488e-01 3.275730833411216736e-02
-4.093353450298309326e-02 4.574385657906532288e-02
1.878829486668109894e-02 6.080448254942893982e-02
7.765971124172210693e-02 4.338328540325164795e-02
1.367175728082656860e-01 2.776691317558288574e-02
-4.474440217018127441e-01 -3.625763058662414551e-01
-3.587039709091186523e-01 -4.064964950084686279e-01
-2.648013234138488770e-01 -4.062260985374450684e-01
-1.765268296003341675e-01 -3.658699393272399902e-01
-2.586655318737030029e-01 -3.371342718601226807e-01
-3.506290316581726074e-01 -3.291105031967163086e-01
1.852163672447204590e-01 -3.759100735187530518e-01
2.724799215793609619e-01 -4.204449951648712158e-01
3.662022352218627930e-01 -4.269332289695739746e-01
4.540036320686340332e-01 -3.882082104682922363e-01
3.611779212951660156e-01 -3.486521244049072266e-01
2.695016860961914062e-01 -3.515296578407287598e-01
-1.927802562713623047e-01 3.237777948379516602e-01
-1.257257908582687378e-01 2.557068169116973877e-01
-3.188630938529968262e-02 2.224859297275543213e-01
2.565216273069381714e-02 2.256952524185180664e-01
8.358988165855407715e-02 2.199376076459884644e-01
1.775313317775726318e-01 2.485588490962982178e-01
2.523256838321685791e-01 3.074942827224731445e-01
1.928047835826873779e-01 3.624580204486846924e-01
1.053194180130958557e-01 3.901661038398742676e-01
4.115566611289978027e-02 3.998662829399108887e-01
-2.589520066976547241e-02 3.946502506732940674e-01
-1.208566799759864807e-01 3.753412365913391113e-01
-1.869219392538070679e-01 3.238043487071990967e-01
-3.056649677455425262e-02 2.849820256233215332e-01
2.719005383551120758e-02 2.834229767322540283e-01
8.462071418762207031e-02 2.846623957157135010e-01
2.498787641525268555e-01 3.069547116756439209e-01
9.950564056634902954e-02 3.244521617889404297e-01
3.779106959700584412e-02 3.273665308952331543e-01
-2.500859461724758148e-02 3.293219804763793945e-01
