-7.120724916458129883e-01 -4.197957813739776611e-01 2.605295479297637939e-01 1.000000000000000000e+00
-6.796675324440002441e-01 -2.281937301158905029e-01 2.950308024883270264e-01 1.000000000000000000e+00
-6.340569257736206055e-01 -1.415000576525926590e-02 3.218286931514739990e-01 0.000000000000000000e+00
-5.792105197906494141e-01 1.773355901241302490e-01 2.682342827320098877e-01 0.000000000000000000e+00
-5.235782861709594727e-01 3.618005514144897461e-01 1.469709575176239014e-01 0.000000000000000000e+00
-4.433464407920837402e-01 5.162189602851867676e-01 -3.596949949860572815e-02 1.000000000000000000e+00
-3.195536136627197266e-01 6.336520910263061523e-01 -1.714834868907928467e-01 1.000000000000000000e+00
-1.750000566244125366e-01 7.168210148811340332e-01 -3.305517137050628662e-01 1.000000000000000000e+00
6.600987166166305542e-03 7.435563206672668457e-01 -3.691108822822570801e-01 1.000000000000000000e+00
1.629248410463333130e-01 6.952822208404541016e-01 -3.801534771919250488e-01 1.000000000000000000e+00
3.317162096500396729e-01 5.979961752891540527e-01 -2.698324918746948242e-01 1.000000000000000000e+00
4.690345823764801025e-01 4.677850008010864258e-01 -1.776561141014099121e-01 1.000000000000000000e+00
5.764206051826477051e-01 3.046556413173675537e-01 -2.576336264610290527e-02 1.000000000000000000e+00
6.445471644401550293e-01 1.151763424277305603e-01 7.340854406356811523e-02 1.000000000000000000e+00
6.960944533348083496e-01 -7.399454712867736816e-02 1.044185906648635864e-01 1.000000000000000000e+00
7.116848230361938477e-01 -2.898570299148559570e-01 6.064825505018234253e-02 1.000000000000000000e+00
7.317397594451904297e-01 -4.831867516040802002e-01 2.256879583001136780e-02 1.000000000000000000e+00
-6.736568212509155273e-01 -4.791809916496276855e-01 -2.215530425310134888e-01 1.000000000000000000e+00
-6.209396123886108398e-01 -6.461775302886962891e-01 -4.033319950103759766e-01 1.000000000000000000e+00
-5.006183981895446777e-01 -6.754338145256042480e-01 -5.611782670021057129e-01 1.000000000000000000e+00
-3.569241464138031006e-01 -6.525660753250122070e-01 -6.518405079841613770e-01 1.000000000000000000e+00
-2.282991111278533936e-01 -6.036044955253601074e-01 -6.893987655639648438e-01 1.000000000000000000e+00
-2.664147689938545227e-02 -6.113446354866027832e-01 -7.224228978157043457e-01 1.000000000000000000e+00
1.030593067407608032e-01 -6.699676513671875000e-01 -7.288830280303955078e-01 1.000000000000000000e+00
2.659175992012023926e-01 -7.063781023025512695e-01 -6.847537159919738770e-01 1.000000000000000000e+00
4.294173717498779297e-01 -6.924767494201660156e-01 -5.672937631607055664e-01 1.000000000000000000e+00
5.437029004096984863e-01 -5.346038341522216797e-01 -4.126542508602142334e-01 1.000000000000000000e+00
-1.218774840235710144e-01 -4.388050138950347900e-01 -7.164632081985473633e-01 1.000000000000000000e+00
-1.268399059772491455e-01 -2.989102005958557129e-01 -7.887229919433593750e-01 1.000000000000000000e+00
-1.339056491851806641e-01 -1.898673027753829956e-01 -8.542752861976623535e-01 1.000000000000000000e+00
-1.367587596178054810e-01 -7.801055163145065308e-02 -9.040107131004333496e-01 1.000000000000000000e+00
-2.213698476552963257e-01 4.430855438113212585e-02 -6.719143986701965332e-01 1.000000000000000000e+00
-1.664392948150634766e-01 5.969175696372985840e-02 -7.092572450637817383e-01 1.000000000000000000e+00
-1.077161580324172974e-01 7.620121538639068604e-02 -7.374415993690490723e-01 1.000000000000000000e+00
-4.485260322690010071e-02 5.575354397296905518e-02 -7.289621233940124512e-01 1.000000000000000000e+00
1.723159104585647583e-02 3.545650094747543335e-02 -7.103461027145385742e-01 1.000000000000000000e+00
-5.531529188156127930e-01 -3.918728828430175781e-01 -4.190501570701599121e-01 1.000000000000000000e+00
-4.807805418968200684e-01 -4.456665515899658203e-01 -5.336786508560180664e-01 1.000000000000000000e+00
-3.850421011447906494e-01 -4.439087510108947754e-01 -5.570787787437438965e-01 1.000000000000000000e+00
-2.918542027473449707e-01 -3.900755047798156738e-01 -5.377472639083862305e-01 1.000000000000000000e+00
-3.737810552120208740e-01 -3.558971285820007324e-01 -5.328722596168518066e-01 1.000000000000000000e+00
-4.661600291728973389e-01 -3.474407494068145752e-01 -5.067013502120971680e-01 1.000000000000000000e+00
8.954345434904098511e-02 -4.049894809722900391e-01 -6.020801067352294922e-01 1.000000000000000000e+00
1.698193550109863281e-01 -4.638991951942443848e-01 -6.487711071968078613e-01 1.000000000000000000e+00
2.676862776279449463e-01 -4.748589098453521729e-01 -6.563972234725952148e-01 1.000000000000000000e+00
3.756861388683319092e-01 -4.300209581851959229e-01 -5.689793229103088379e-01 1.000000000000000000e+00
2.688983678817749023e-01 -3.776133954524993896e-01 -6.271473169326782227e-01 1.000000000000000000e+00
1.726399958133697510e-01 -3.780418634414672852e-01 -6.237790584564208984e-01 1.000000000000000000e+00
-2.825787961483001709e-01 3.255336284637451172e-01 -5.130873918533325195e-01 1.000000000000000000e+00
-2.354350388050079346e-01 2.667030394077301025e-01 -6.361958980560302734e-01 1.000000000000000000e+00
-1.533358097076416016e-01 2.374073565006256104e-01 -7.086267471313476562e-01 1.000000000000000000e+00
-9.787195920944213867e-02 2.404678463935852051e-01 -7.252828478813171387e-01 1.000000000000000000e+00
-3.956226259469985962e-02 2.332062870264053345e-01 -7.268002033233642578e-01 1.000000000000000000e+00
6.333161890506744385e-02 2.543910741806030273e-01 -6.814442873001098633e-01 1.000000000000000000e+00
1.587496548891067505e-01 3.004308044910430908e-01 -5.806471109390258789e-01 1.000000000000000000e+00
9.547841548919677734e-02 3.606296777725219727e-01 -6.259388327598571777e-01 1.000000000000000000e+00
-1.036030240356922150e-03 3.934545218944549561e-01 -6.640254855155944824e-01 1.000000000000000000e+00
-6.626453250646591187e-02 4.051918089389801025e-01 -6.584725975990295410e-01 1.000000000000000000e+00
-1.324944645166397095e-01 4.010453522205352783e-01 -6.425608992576599121e-01 1.000000000000000000e+00
-2.201613336801528931e-01 3.799383640289306641e-01 -5.795966982841491699e-01 1.000000000000000000e+00
-2.765431106090545654e-01 3.252230584621429443e-01 -5.101742148399353027e-01 1.000000000000000000e+00
-1.407903879880905151e-01 2.956371307373046875e-01 -6.464856863021850586e-01 1.000000000000000000e+00
-8.560809493064880371e-02 2.942967116832733154e-01 -6.642277836799621582e-01 1.000000000000000000e+00
-2.726112306118011475e-02 2.918711304664611816e-01 -6.627387404441833496e-01 1.000000000000000000e+00
1.563278138637542725e-01 2.998363971710205078e-01 -5.803085565567016602e-01 1.000000000000000000e+00
-5.758921150118112564e-03 3.233912885189056396e-01 -6.491458415985107422e-01 1.000000000000000000e+00
-6.895237416028976440e-02 3.278698921203613281e-01 -6.427677869796752930e-01 1.000000000000000000e+00
-1.307967901229858398e-01 3.309465944766998291e-01 -6.294141411781311035e-01 1.000000000000000000e+00
