-7.082607150077819824e-01 -3.792448043823242188e-01
-7.004903554916381836e-01 -1.818636059761047363e-01
-6.634903550148010254e-01 4.981926758773624897e-04
-6.240774989128112793e-01 1.513534635305404663e-01
-5.671190023422241211e-01 3.133992552757263184e-01
-4.826800823211669922e-01 4.626713097095489502e-01
-3.539187610149383545e-01 6.013599634170532227e-01
-1.832366883754730225e-01 7.107748389244079590e-01
-1.474935561418533325e-02 7.377576231956481934e-01
1.619088798761367798e-01 6.929068565368652344e-01
3.375877439975738525e-01 5.902904868125915527e-01
4.794859290122985840e-01 4.521386325359344482e-01
5.814935564994812012e-01 2.860646545886993408e-01
6.488406658172607422e-01 9.214451909065246582e-02
6.871308088302612305e-01 -9.545776247978210449e-02
7.038094997406005859e-01 -2.924264669418334961e-01
7.175469994544982910e-01 -4.845399558544158936e-01
-6.736568212509155273e-01 -4.791809916496276855e-01
-6.209396123886108398e-01 -6.461775302886962891e-01
-5.006183981895446777e-01 -6.754338145256042480e-01
-3.569241464138031006e-01 -6.525660753250122070e-01
-2.282991111278533936e-01 -6.036044955253601074e-01
-2.664147689938545227e-02 -6.113446354866027832e-01
1.030593067407608032e-01 -6.699676513671875000e-01
2.659175992012023926e-01 -7.063781023025512695e-01
4.294173717498779297e-01 -6.924767494201660156e-01
5.437029004096984863e-01 -5.346038341522216797e-01
-1.218774840235710144e-01 -4.388050138950347900e-01
-1.268399059772491455e-01 -2.989102005958557129e-01
-1.339056491851806641e-01 -1.898673027753829956e-01
-1.367587596178054810e-01 -7.801055163145065308e-02
-2.213698476552963257e-01 4.430855438113212585e-02
-1.664392948150634766e-01 5.969175696372985840e-02
-1.077161580324172974e-01 7.620121538639068604e-02
-4.485260322690010071e-02 5.575354397296905518e-02
1.723159104585647583e-02 3.545650094747543335e-02
-5.531529188156127930e-01 -3.918728828430175781e-01
-4.807805418968200684e-01 -4.456665515899658203e-01
-3.850421011447906494e-01 -4.439087510108947754e-01
-2.918542027473449707e-01 -3.900755047798156738e-01
-3.737810552120208740e-01 -3.558971285820007324e-01
-4.661600291728973389e-01 -3.474407494068145752e-01
8.954345434904098511e-02 -4.049894809722900391e-01
1.698193550109863281e-01 -4.638991951942443848e-01
2.676862776279449463e-01 -4.748589098453521729e-01
3.756861388683319092e-01 -4.300209581851959229e-01
2.688983678817749023e-01 -3.776133954524993896e-01
1.726399958133697510e-01 -3.780418634414672852e-01
-2.825787961483001709e-01 3.255336284637451172e-01
-2.354350388050079346e-01 2.667030394077301025e-01
-1.533358097076416016e-01 2.374073565006256104e-01
-9.787195920944213867e-02 2.404678463935852051e-01
-3.956226259469985962e-02 2.332062870264053345e-01
6.333161890506744385e-02 2.543910741806030273e-01
1.587496548891067505e-01 3.004308044910430908e-01
9.547841548919677734e-02 3.606296777725219727e-01
-1.036030240356922150e-03 3.934545218944549561e-01
-6.626453250646591187e-02 4.051918089389801025e-01
-1.324944645166397095e-01 4.010453522205352783e-01
-2.201613336801528931e-01 3.799383640289306641e-01
-2.765431106090545654e-01 3.252230584621429443e-01
-1.407903879880905151e-01 2.956371307373046875e-01
-8.560809493064880371e-02 2.942967116832733154e-01
-2.726112306118011475e-02 2.918711304664611816e-01
1.563278138637542725e-01 2.998363971710205078e-01
-5.758921150118112564e-03 3.233912885189056396e-01
-6.895237416028976440e-02 3.278698921203613281e-01
-1.307967901229858398e-01 3.309465944766998291e-01
