-7.296223044395446777e-01 -3.551269173622131348e-01
-7.071416974067687988e-01 -1.615882217884063721e-01
-6.906837224960327148e-01 2.392282709479331970e-02
-6.567485928535461426e-01 2.037593573331832886e-01
-5.810373425483703613e-01 3.696362674236297607e-01
-4.835123717784881592e-01 5.236330032348632812e-01
-3.314285576343536377e-01 6.504560112953186035e-01
-1.379494965076446533e-01 7.294983267784118652e-01
4.303992167115211487e-02 7.563282251358032227e-01
2.178675681352615356e-01 7.146692276000976562e-01
4.023487567901611328e-01 6.243592500686645508e-01
5.286064743995666504e-01 4.845032393932342529e-01
6.100217103958129883e-01 3.274872601032257080e-01
6.655112504959106445e-01 1.596170812845230103e-01
6.852536797523498535e-01 -1.798733323812484741e-02
6.935847401618957520e-01 -2.013606876134872437e-01
7.087173461914062500e-01 -3.940863013267517090e-01
-6.084488034248352051e-01 -4.433661997318267822e-01
-5.167115926742553711e-01 -6.129081249237060547e-01
-3.741398453712463379e-01 -6.457403898239135742e-01
-2.225678265094757080e-01 -6.262230873107910156e-01
-9.382335841655731201e-02 -5.790712833404541016e-01
9.889329224824905396e-02 -5.840714573860168457e-01
2.243579775094985962e-01 -6.381503939628601074e-01
3.723489046096801758e-01 -6.670934557914733887e-01
5.105611681938171387e-01 -6.445414423942565918e-01
6.034223437309265137e-01 -4.811478853225708008e-01
8.332235738635063171e-03 -4.150978922843933105e-01
1.408547163009643555e-02 -2.849555611610412598e-01
1.729916036128997803e-02 -1.885634362697601318e-01
2.174029499292373657e-02 -8.805585652589797974e-02
-1.016630977392196655e-01 4.119636863470077515e-02
-4.044329375028610229e-02 5.297815427184104919e-02
1.900345459580421448e-02 6.775511056184768677e-02
7.732659578323364258e-02 5.082144215703010559e-02
1.354988515377044678e-01 3.645089641213417053e-02
-4.490909576416015625e-01 -3.681636154651641846e-01
-3.618335127830505371e-01 -4.275141060352325439e-01
-2.638741433620452881e-01 -4.244720041751861572e-01
-1.762456297874450684e-01 -3.685049712657928467e-01
-2.574247121810913086e-01 -3.370234668254852295e-01
-3.496779799461364746e-01 -3.298788666725158691e-01
1.851518899202346802e-01 -3.786671161651611328e-01
2.709298133850097656e-01 -4.383102953433990479e-01
3.682399690151214600e-01 -4.478460550308227539e-01
4.555038809776306152e-01 -3.933313190937042236e-01
3.608219623565673828e-01 -3.492829203605651855e-01
2.688981294631958008e-01 -3.514816462993621826e-01
-1.899832934141159058e-01 3.333100676536560059e-01
-1.233433037996292114e-01 2.658426165580749512e-01
-3.123844042420387268e-02 2.312718331813812256e-01
2.555689774453639984e-02 2.336398959159851074e-01
8.277148008346557617e-02 2.290332019329071045e-01
1.755310595035552979e-01 2.598460614681243896e-01
2.497822493314743042e-01 3.209291696548461914e-01
1.915156543254852295e-01 3.751065433025360107e-01
1.050399318337440491e-01 4.027227461338043213e-01
4.191461205482482910e-02 4.116668105125427246e-01
-2.412120997905731201e-02 4.056442081928253174e-01
-1.181337088346481323e-01 3.845185935497283936e-01
-1.840495169162750244e-01 3.333100676536560059e-01
-2.960989437997341156e-02 2.955630719661712646e-01
2.695141360163688660e-02 2.936488091945648193e-01
8.331831544637680054e-02 2.957648336887359619e-01
2.472633570432662964e-01 3.202916085720062256e-01
1.001973152160644531e-01 3.380829393863677979e-01
3.912678360939025879e-02 3.407607674598693848e-01
-2.210253663361072540e-02 3.413486480712890625e-01
