-7.391885519027709961e-01 -3.558242619037628174e-01 2.259850054979324341e-01 1.000000000000000000e+00
-7.177937626838684082e-01 -1.633547395467758179e-01 2.532194554805755615e-01 1.000000000000000000e+00
-6.923898458480834961e-01 5.353345349431037903e-02 2.687138319015502930e-01 1.000000000000000000e+00
-6.609646081924438477e-01 2.418388128280639648e-01 2.128046900033950806e-01 1.000000000000000000e+00
-5.801512598991394043e-01 4.115835726261138916e-01 8.839211612939834595e-02 1.000000000000000000e+00
-4.677241742610931396e-01 5.553238987922668457e-01 -9.516560286283493042e-02 1.000000000000000000e+00
-3.151572644710540771e-01 6.670843958854675293e-01 -2.172704339027404785e-01 1.000000000000000000e+00
-1.356139630079269409e-01 7.334521412849426270e-01 -3.476149141788482666e-01 1.000000000000000000e+00
5.485962331295013428e-02 7.665548324584960938e-01 -3.578098416328430176e-01 1.000000000000000000e+00
2.151720821857452393e-01 7.187100648880004883e-01 -3.348335623741149902e-01 1.000000000000000000e+00
3.814003169536590576e-01 6.454054117202758789e-01 -1.985177099704742432e-01 1.000000000000000000e+00
5.123762488365173340e-01 5.215802192687988281e-01 -7.247247546911239624e-02 1.000000000000000000e+00
6.049624681472778320e-01 3.725540041923522949e-01 1.123275905847549438e-01 1.000000000000000000e+00
6.640337705612182617e-01 1.974006444215774536e-01 2.381925433874130249e-01 0.000000000000000000e+00
6.818858385086059570e-01 1.179522182792425156e-02 2.877320945262908936e-01 1.000000000000000000e+00
6.985698938369750977e-01 -2.055700272321701050e-01 2.606390416622161865e-01 1.000000000000000000e+00
7.165083289146423340e-01 -3.994024395942687988e-01 2.353830933570861816e-01 1.000000000000000000e+00
-6.084488034248352051e-01 -4.433661997318267822e-01 -2.237484008073806763e-01 1.000000000000000000e+00
-5.167115926742553711e-01 -6.129081249237060547e-01 -3.739013075828552246e-01 1.000000000000000000e+00
-3.741398453712463379e-01 -6.457403898239135742e-01 -5.048908591270446777e-01 1.000000000000000000e+00
-2.225678265094757080e-01 -6.262230873107910156e-01 -5.686674118041992188e-01 1.000000000000000000e+00
-9.382335841655731201e-02 -5.790712833404541016e-01 -5.816091299057006836e-01 1.000000000000000000e+00
9.889329224824905396e-02 -5.840714573860168457e-01 -5.815139412879943848e-01 1.000000000000000000e+00
2.243579775094985962e-01 -6.381503939628601074e-01 -5.707556605339050293e-01 1.000000000000000000e+00
3.723489046096801758e-01 -6.670934557914733887e-01 -5.026951432228088379e-01 1.000000000000000000e+00
5.105611681938171387e-01 -6.445414423942565918e-01 -3.639492690563201904e-01 1.000000000000000000e+00
6.034223437309265137e-01 -4.811478853225708008e-01 -2.122638672590255737e-01 1.000000000000000000e+00
8.332235738635063171e-03 -4.150978922843933105e-01 -5.853921771049499512e-01 1.000000000000000000e+00
1.408547163009643555e-02 -2.849555611610412598e-01 -6.622169017791748047e-01 1.000000000000000000e+00
1.729916036128997803e-02 -1.885634362697601318e-01 -7.326797246932983398e-01 1.000000000000000000e+00
2.174029499292373657e-02 -8.805585652589797974e-02 -7.854358553886413574e-01 1.000000000000000000e+00
-1.016630977392196655e-01 4.119636863470077515e-02 -5.981877446174621582e-01 1.000000000000000000e+00
-4.044329375028610229e-02 5.297815427184104919e-02 -6.238908767700195312e-01 1.000000000000000000e+00
1.900345459580421448e-02 6.775511056184768677e-02 -6.430894136428833008e-01 1.000000000000000000e+00
7.732659578323364258e-02 5.082144215703010559e-02 -6.245217919349670410e-01 1.000000000000000000e+00
1.354988515377044678e-01 3.645089641213417053e-02 -5.976706743240356445e-01 1.000000000000000000e+00
-4.490909576416015625e-01 -3.681636154651641846e-01 -4.021685421466827393e-01 1.000000000000000000e+00
-3.618335127830505371e-01 -4.275141060352325439e-01 -5.013942718505859375e-01 1.000000000000000000e+00
-2.638741433620452881e-01 -4.244720041751861572e-01 -5.083082318305969238e-01 1.000000000000000000e+00
-1.762456297874450684e-01 -3.685049712657928467e-01 -4.716082811355590820e-01 1.000000000000000000e+00
-2.574247121810913086e-01 -3.370234668254852295e-01 -4.843552410602569580e-01 1.000000000000000000e+00
-3.496779799461364746e-01 -3.298788666725158691e-01 -4.743793308734893799e-01 1.000000000000000000e+00
1.851518899202346802e-01 -3.786671161651611328e-01 -4.766512811183929443e-01 1.000000000000000000e+00
2.709298133850097656e-01 -4.383102953433990479e-01 -5.108116865158081055e-01 1.000000000000000000e+00
3.682399690151214600e-01 -4.478460550308227539e-01 -5.026113390922546387e-01 1.000000000000000000e+00
4.555038809776306152e-01 -3.933313190937042236e-01 -3.990606963634490967e-01 1.000000000000000000e+00
3.608219623565673828e-01 -3.492829203605651855e-01 -4.752631485462188721e-01 1.000000000000000000e+00
2.688981294631958008e-01 -3.514816462993621826e-01 -4.876187443733215332e-01 1.000000000000000000e+00
-1.899832934141159058e-01 3.333100676536560059e-01 -5.028499364852905273e-01 1.000000000000000000e+00
-1.233433037996292114e-01 2.658426165580749512e-01 -6.074177622795104980e-01 1.000000000000000000e+00
-3.123844042420387268e-02 2.312718331813812256e-01 -6.600692868232727051e-01 1.000000000000000000e+00
2.555689774453639984e-02 2.336398959159851074e-01 -6.678817272186279297e-01 1.000000000000000000e+00
8.277148008346557617e-02 2.290332019329071045e-01 -6.598821282386779785e-01 1.000000000000000000e+00
1.755310595035552979e-01 2.598460614681243896e-01 -6.029325127601623535e-01 1.000000000000000000e+00
2.497822493314743042e-01 3.209291696548461914e-01 -4.973787665367126465e-01 1.000000000000000000e+00
1.915156543254852295e-01 3.751065433025360107e-01 -5.515528917312622070e-01 1.000000000000000000e+00
1.050399318337440491e-01 4.027227461338043213e-01 -6.050654053688049316e-01 1.000000000000000000e+00
4.191461205482482910e-02 4.116668105125427246e-01 -6.115929484367370605e-01 1.000000000000000000e+00
-2.412120997905731201e-02 4.056442081928253174e-01 -6.057951450347900391e-01 1.000000000000000000e+00
-1.181337088346481323e-01 3.845185935497283936e-01 -5.594366788864135742e-01 1.000000000000000000e+00
-1.840495169162750244e-01 3.333100676536560059e-01 -4.994046986103057861e-01 1.000000000000000000e+00
-2.960989437997341156e-02 2.955630719661712646e-01 -6.067832112312316895e-01 1.000000000000000000e+00
2.695141360163688660e-02 2.936488091945648193e-01 -6.146646738052368164e-01 1.000000000000000000e+00
8.331831544637680054e-02 2.957648336887359619e-01 -6.035181283950805664e-01 1.000000000000000000e+00
2.472633570432662964e-01 3.202916085720062256e-01 -4.974291324615478516e-01 1.000000000000000000e+00
1.001973152160644531e-01 3.380829393863677979e-01 -5.880162119865417480e-01 1.000000000000000000e+00
3.912678360939025879e-02 3.407607674598693848e-01 -5.922430753707885742e-01 1.000000000000000000e+00
-2.210253663361072540e-02 3.413486480712890625e-01 -5.898609161376953125e-01 1.000000000000000000e+00
