-7.121259570121765137e-01 -4.196735322475433350e-01 2.608491182327270508e-01 1.000000000000000000e+00
-6.796672344207763672e-01 -2.279916405677795410e-01 2.953619360923767090e-01 1.000000000000000000e+00
-6.339250802993774414e-01 -1.380732562392950058e-02 3.222135901451110840e-01 0.000000000000000000e+00
-5.787828564643859863e-01 1.777607053518295288e-01 2.687018215656280518e-01 0.000000000000000000e+00
-5.227000713348388672e-01 3.621766269207000732e-01 1.474099159240722656e-01 0.000000000000000000e+00
-4.420781135559082031e-01 5.166151523590087891e-01 -3.552031889557838440e-02 1.000000000000000000e+00
-3.181607723236083984e-01 6.337094306945800781e-01 -1.712771207094192505e-01 1.000000000000000000e+00
-1.734966933727264404e-01 7.165346145629882812e-01 -3.303507566452026367e-01 1.000000000000000000e+00
8.150923997163772583e-03 7.429116964340209961e-01 -3.691547214984893799e-01 1.000000000000000000e+00
1.641597598791122437e-01 6.940679550170898438e-01 -3.805296719074249268e-01 1.000000000000000000e+00
3.324070274829864502e-01 5.966810584068298340e-01 -2.703960537910461426e-01 1.000000000000000000e+00
4.693118631839752197e-01 4.667026698589324951e-01 -1.779755353927612305e-01 1.000000000000000000e+00
5.766067504882812500e-01 3.038048148155212402e-01 -2.585782669484615326e-02 1.000000000000000000e+00
6.447121500968933105e-01 1.146026477217674255e-01 7.341362535953521729e-02 1.000000000000000000e+00
6.961252689361572266e-01 -7.442062348127365112e-02 1.043679043650627136e-01 1.000000000000000000e+00
7.116122841835021973e-01 -2.901544570922851562e-01 6.070382520556449890e-02 1.000000000000000000e+00
7.316290736198425293e-01 -4.834359884262084961e-01 2.269136719405651093e-02 1.000000000000000000e+00
-6.736577749252319336e-01 -4.792767465114593506e-01 -2.212585955858230591e-01 1.000000000000000000e+00
-6.208795905113220215e-01 -6.463379263877868652e-01 -4.032146036624908447e-01 1.000000000000000000e+00
-5.004060864448547363e-01 -6.756573915481567383e-01 -5.609869360923767090e-01 1.000000000000000000e+00
-3.566796481609344482e-01 -6.527084112167358398e-01 -6.516074538230895996e-01 1.000000000000000000e+00
-2.281112968921661377e-01 -6.038981676101684570e-01 -6.891869902610778809e-01 1.000000000000000000e+00
-2.662326395511627197e-02 -6.117321252822875977e-01 -7.221784591674804688e-01 1.000000000000000000e+00
1.030240207910537720e-01 -6.703112721443176270e-01 -7.284662723541259766e-01 1.000000000000000000e+00
2.659064531326293945e-01 -7.067836523056030273e-01 -6.844711303710937500e-01 1.000000000000000000e+00
4.293918907642364502e-01 -6.929152607917785645e-01 -5.670347809791564941e-01 1.000000000000000000e+00
5.436239242553710938e-01 -5.350189208984375000e-01 -4.123769998550415039e-01 1.000000000000000000e+00
-1.218342036008834839e-01 -4.392780959606170654e-01 -7.163571119308471680e-01 1.000000000000000000e+00
-1.267974525690078735e-01 -2.993516325950622559e-01 -7.886269092559814453e-01 1.000000000000000000e+00
-1.338846087455749512e-01 -1.903903186321258545e-01 -8.542466163635253906e-01 1.000000000000000000e+00
-1.368672698736190796e-01 -7.857123762369155884e-02 -9.040104150772094727e-01 1.000000000000000000e+00
-2.209801375865936279e-01 4.379813373088836670e-02 -6.721269488334655762e-01 1.000000000000000000e+00
-1.663730740547180176e-01 5.922245234251022339e-02 -7.095354795455932617e-01 1.000000000000000000e+00
-1.079680919647216797e-01 7.574645429849624634e-02 -7.378578186035156250e-01 1.000000000000000000e+00
-4.528911411762237549e-02 5.536338314414024353e-02 -7.293427586555480957e-01 1.000000000000000000e+00
1.650565862655639648e-02 3.504157438874244690e-02 -7.106569409370422363e-01 1.000000000000000000e+00
-5.527251958847045898e-01 -3.911167979240417480e-01 -4.189057350158691406e-01 1.000000000000000000e+00
-4.800411760807037354e-01 -4.429486095905303955e-01 -5.331521630287170410e-01 1.000000000000000000e+00
-3.847968280315399170e-01 -4.416073858737945557e-01 -5.562850236892700195e-01 1.000000000000000000e+00
-2.916410267353057861e-01 -3.898430466651916504e-01 -5.374856591224670410e-01 1.000000000000000000e+00
-3.737494051456451416e-01 -3.559416234493255615e-01 -5.328291654586791992e-01 1.000000000000000000e+00
-4.660882353782653809e-01 -3.472959399223327637e-01 -5.066642165184020996e-01 1.000000000000000000e+00
8.945542573928833008e-02 -4.046740531921386719e-01 -6.017990112304687500e-01 1.000000000000000000e+00
1.700388491153717041e-01 -4.617895781993865967e-01 -6.480581760406494141e-01 1.000000000000000000e+00
2.674725949764251709e-01 -4.723511338233947754e-01 -6.557083725929260254e-01 1.000000000000000000e+00
3.754253387451171875e-01 -4.293098747730255127e-01 -5.687645673751831055e-01 1.000000000000000000e+00
2.688546180725097656e-01 -3.774307370185852051e-01 -6.270614266395568848e-01 1.000000000000000000e+00
1.726302504539489746e-01 -3.779895901679992676e-01 -6.236554384231567383e-01 1.000000000000000000e+00
-2.814444601535797119e-01 3.276045322418212891e-01 -5.153033733367919922e-01 1.000000000000000000e+00
-2.353548407554626465e-01 2.669887542724609375e-01 -6.382622718811035156e-01 1.000000000000000000e+00
-1.537865251302719116e-01 2.369139790534973145e-01 -7.104150056838989258e-01 1.000000000000000000e+00
-9.847414493560791016e-02 2.399813979864120483e-01 -7.271124124526977539e-01 1.000000000000000000e+00
-4.027136415243148804e-02 2.327230572700500488e-01 -7.286853194236755371e-01 1.000000000000000000e+00
6.214038655161857605e-02 2.546433508396148682e-01 -6.836527585983276367e-01 1.000000000000000000e+00
1.567843705415725708e-01 3.018499016761779785e-01 -5.833404660224914551e-01 1.000000000000000000e+00
9.460647404193878174e-02 3.621866106986999512e-01 -6.278941631317138672e-01 1.000000000000000000e+00
-1.422823523171246052e-03 3.956314623355865479e-01 -6.648931503295898438e-01 1.000000000000000000e+00
-6.642663478851318359e-02 4.076079130172729492e-01 -6.589092612266540527e-01 1.000000000000000000e+00
-1.325653195381164551e-01 4.035487771034240723e-01 -6.430374979972839355e-01 1.000000000000000000e+00
-2.197665274143218994e-01 3.821119964122772217e-01 -5.808961987495422363e-01 1.000000000000000000e+00
-2.753897309303283691e-01 3.272995054721832275e-01 -5.122994184494018555e-01 1.000000000000000000e+00
-1.410095095634460449e-01 2.954245507717132568e-01 -6.480284333229064941e-01 1.000000000000000000e+00
-8.611391484737396240e-02 2.940957844257354736e-01 -6.657920479774475098e-01 1.000000000000000000e+00
-2.814199961721897125e-02 2.917183935642242432e-01 -6.642700433731079102e-01 1.000000000000000000e+00
1.543579697608947754e-01 3.012704849243164062e-01 -5.829728841781616211e-01 1.000000000000000000e+00
-6.474933587014675140e-03 3.253997266292572021e-01 -6.499767303466796875e-01 1.000000000000000000e+00
-6.931401044130325317e-02 3.300930559635162354e-01 -6.432123184204101562e-01 1.000000000000000000e+00
-1.308737844228744507e-01 3.332731127738952637e-01 -6.300386190414428711e-01 1.000000000000000000e+00
