-7.083979249000549316e-01 -3.791436553001403809e-01
-7.003875970840454102e-01 -1.812226772308349609e-01
-6.628971695899963379e-01 1.532556954771280289e-03
-6.232563853263854980e-01 1.522387862205505371e-01
-5.660573840141296387e-01 3.143396675586700439e-01
-4.813747107982635498e-01 4.634707868099212646e-01
-3.525654971599578857e-01 6.016707420349121094e-01
-1.818073987960815430e-01 7.106653451919555664e-01
-1.328027900308370590e-02 7.373456358909606934e-01
1.631456017494201660e-01 6.917591094970703125e-01
3.382350802421569824e-01 5.890090465545654297e-01
4.797160625457763672e-01 4.510937035083770752e-01
5.815706253051757812e-01 2.852953970432281494e-01
6.489641070365905762e-01 9.153561294078826904e-02
6.870509386062622070e-01 -9.594652801752090454e-02
7.037390470504760742e-01 -2.927751839160919189e-01
7.174258232116699219e-01 -4.848213195800781250e-01
-6.736577749252319336e-01 -4.792767465114593506e-01
-6.208795905113220215e-01 -6.463379263877868652e-01
-5.004060864448547363e-01 -6.756573915481567383e-01
-3.566796481609344482e-01 -6.527084112167358398e-01
-2.281112968921661377e-01 -6.038981676101684570e-01
-2.662326395511627197e-02 -6.117321252822875977e-01
1.030240207910537720e-01 -6.703112721443176270e-01
2.659064531326293945e-01 -7.067836523056030273e-01
4.293918907642364502e-01 -6.929152607917785645e-01
5.436239242553710938e-01 -5.350189208984375000e-01
-1.218342036008834839e-01 -4.392780959606170654e-01
-1.267974525690078735e-01 -2.993516325950622559e-01
-1.338846087455749512e-01 -1.903903186321258545e-01
-1.368672698736190796e-01 -7.857123762369155884e-02
-2.209801375865936279e-01 4.379813373088836670e-02
-1.663730740547180176e-01 5.922245234251022339e-02
-1.079680919647216797e-01 7.574645429849624634e-02
-4.528911411762237549e-02 5.536338314414024353e-02
1.650565862655639648e-02 3.504157438874244690e-02
-5.527251958847045898e-01 -3.911167979240417480e-01
-4.800411760807037354e-01 -4.429486095905303955e-01
-3.847968280315399170e-01 -4.416073858737945557e-01
-2.916410267353057861e-01 -3.898430466651916504e-01
-3.737494051456451416e-01 -3.559416234493255615e-01
-4.660882353782653809e-01 -3.472959399223327637e-01
8.945542573928833008e-02 -4.046740531921386719e-01
1.700388491153717041e-01 -4.617895781993865967e-01
2.674725949764251709e-01 -4.723511338233947754e-01
3.754253387451171875e-01 -4.293098747730255127e-01
2.688546180725097656e-01 -3.774307370185852051e-01
1.726302504539489746e-01 -3.779895901679992676e-01
-2.814444601535797119e-01 3.276045322418212891e-01
-2.353548407554626465e-01 2.669887542724609375e-01
-1.537865251302719116e-01 2.369139790534973145e-01
-9.847414493560791016e-02 2.399813979864120483e-01
-4.027136415243148804e-02 2.327230572700500488e-01
6.214038655161857605e-02 2.546433508396148682e-01
1.567843705415725708e-01 3.018499016761779785e-01
9.460647404193878174e-02 3.621866106986999512e-01
-1.422823523171246052e-03 3.956314623355865479e-01
-6.642663478851318359e-02 4.076079130172729492e-01
-1.325653195381164551e-01 4.035487771034240723e-01
-2.197665274143218994e-01 3.821119964122772217e-01
-2.753897309303283691e-01 3.272995054721832275e-01
-1.410095095634460449e-01 2.954245507717132568e-01
-8.611391484737396240e-02 2.940957844257354736e-01
-2.814199961721897125e-02 2.917183935642242432e-01
1.543579697608947754e-01 3.012704849243164062e-01
-6.474933587014675140e-03 3.253997266292572021e-01
-6.931401044130325317e-02 3.300930559635162354e-01
-1.308737844228744507e-01 3.332731127738952637e-01
