-7.295398116111755371e-01 -3.552890717983245850e-01
-7.071453332901000977e-01 -1.618573516607284546e-01
-6.908357143402099609e-01 2.356087230145931244e-02
-6.571223735809326172e-01 2.033114284276962280e-01
-5.817828774452209473e-01 3.689136505126953125e-01
-4.846793413162231445e-01 5.227463841438293457e-01
-3.329903185367584229e-01 6.494584679603576660e-01
-1.398824602365493774e-01 7.285372614860534668e-01
4.090635105967521667e-02 7.558011412620544434e-01
2.159497439861297607e-01 7.147105932235717773e-01
4.011318683624267578e-01 6.248273253440856934e-01
5.280467867851257324e-01 4.851414263248443604e-01
6.097614169120788574e-01 3.281401693820953369e-01
6.653581261634826660e-01 1.602421700954437256e-01
6.852625608444213867e-01 -1.756418868899345398e-02
6.936641335487365723e-01 -2.011435627937316895e-01
7.087560892105102539e-01 -3.938880562782287598e-01
-6.084577441215515137e-01 -4.434565007686614990e-01
-5.167230367660522461e-01 -6.128691434860229492e-01
-3.740985989570617676e-01 -6.456151604652404785e-01
-2.225428968667984009e-01 -6.261636614799499512e-01
-9.382671117782592773e-02 -5.791651010513305664e-01
9.879966825246810913e-02 -5.841306447982788086e-01
2.242001444101333618e-01 -6.380217671394348145e-01
3.721852302551269531e-01 -6.669586896896362305e-01
5.105351209640502930e-01 -6.444576978683471680e-01
6.034989953041076660e-01 -4.811785519123077393e-01
8.323923684656620026e-03 -4.152387082576751709e-01
1.410391740500926971e-02 -2.851099073886871338e-01
1.733801886439323425e-02 -1.887521594762802124e-01
2.179559879004955292e-02 -8.834445476531982422e-02
-1.017011553049087524e-01 4.094497486948966980e-02
-4.044911637902259827e-02 5.270888283848762512e-02
1.904855668544769287e-02 6.737904995679855347e-02
7.743059843778610229e-02 5.052733048796653748e-02
1.356766670942306519e-01 3.615558892488479614e-02
-4.490470290184020996e-01 -3.679436445236206055e-01
-3.617495298385620117e-01 -4.269245266914367676e-01
-2.638881206512451172e-01 -4.239454865455627441e-01
-1.762463897466659546e-01 -3.683388829231262207e-01
-2.574371993541717529e-01 -3.369092345237731934e-01
-3.496581315994262695e-01 -3.297459483146667480e-01
1.852037906646728516e-01 -3.786028325557708740e-01
2.710698544979095459e-01 -4.374787509441375732e-01
3.681916296482086182e-01 -4.468507766723632812e-01
4.554824531078338623e-01 -3.931339681148529053e-01
3.608718216419219971e-01 -3.492995202541351318e-01
2.689960300922393799e-01 -3.515362739562988281e-01
-1.914381384849548340e-01 3.326704502105712891e-01
-1.238651648163795471e-01 2.654979228973388672e-01
-3.130277618765830994e-02 2.310462146997451782e-01
2.560706250369548798e-02 2.334313988685607910e-01
8.291826397180557251e-02 2.287670522928237915e-01
1.759352236986160278e-01 2.594684958457946777e-01
2.502144873142242432e-01 3.208345770835876465e-01
1.911933720111846924e-01 3.751795589923858643e-01
1.043297573924064636e-01 4.024449288845062256e-01
4.096470400691032410e-02 4.112246632575988770e-01
-2.526619471609592438e-02 4.050774574279785156e-01
-1.196375861763954163e-01 3.840310275554656982e-01
-1.854857653379440308e-01 3.326505124568939209e-01
-2.979927510023117065e-02 2.951338887214660645e-01
2.699807099997997284e-02 2.932481169700622559e-01
8.356011658906936646e-02 2.952967584133148193e-01
2.476886212825775146e-01 3.201858103275299072e-01
9.968011081218719482e-02 3.379702270030975342e-01
3.839258849620819092e-02 3.404266834259033203e-01
-2.315022982656955719e-02 3.409455716609954834e-01
