-7.391252517700195312e-01 -3.559436500072479248e-01 2.260561436414718628e-01 1.000000000000000000e+00
-7.177842259407043457e-01 -1.635342389345169067e-01 2.532908022403717041e-01 1.000000000000000000e+00
-6.924880743026733398e-01 5.323314294219017029e-02 2.687833905220031738e-01 1.000000000000000000e+00
-6.612414717674255371e-01 2.413692325353622437e-01 2.128923833370208740e-01 1.000000000000000000e+00
-5.807216167449951172e-01 4.108537137508392334e-01 8.853769302368164062e-02 1.000000000000000000e+00
-4.688480496406555176e-01 5.543878674507141113e-01 -9.486106038093566895e-02 1.000000000000000000e+00
-3.166987001895904541e-01 6.660534143447875977e-01 -2.168595790863037109e-01 1.000000000000000000e+00
-1.375400573015213013e-01 7.324812412261962891e-01 -3.473906219005584717e-01 1.000000000000000000e+00
5.270785093307495117e-02 7.660130262374877930e-01 -3.575520217418670654e-01 1.000000000000000000e+00
2.132308036088943481e-01 7.187182903289794922e-01 -3.344500064849853516e-01 1.000000000000000000e+00
3.800408244132995605e-01 6.457877159118652344e-01 -1.978526115417480469e-01 1.000000000000000000e+00
5.115835070610046387e-01 5.221174359321594238e-01 -7.189605385065078735e-02 1.000000000000000000e+00
6.043868660926818848e-01 3.730268478393554688e-01 1.126524209976196289e-01 1.000000000000000000e+00
6.636900901794433594e-01 1.978949904441833496e-01 2.383847832679748535e-01 0.000000000000000000e+00
6.817829012870788574e-01 1.223847270011901855e-02 2.878475785255432129e-01 1.000000000000000000e+00
6.985870599746704102e-01 -2.052590250968933105e-01 2.607276439666748047e-01 1.000000000000000000e+00
7.165672183036804199e-01 -3.991578519344329834e-01 2.354570925235748291e-01 1.000000000000000000e+00
-6.084577441215515137e-01 -4.434565007686614990e-01 -2.236158996820449829e-01 1.000000000000000000e+00
-5.167230367660522461e-01 -6.128691434860229492e-01 -3.737557232379913330e-01 1.000000000000000000e+00
-3.740985989570617676e-01 -6.456151604652404785e-01 -5.047397613525390625e-01 1.000000000000000000e+00
-2.225428968667984009e-01 -6.261636614799499512e-01 -5.685600638389587402e-01 1.000000000000000000e+00
-9.382671117782592773e-02 -5.791651010513305664e-01 -5.814687609672546387e-01 1.000000000000000000e+00
9.879966825246810913e-02 -5.841306447982788086e-01 -5.813623070716857910e-01 1.000000000000000000e+00
2.242001444101333618e-01 -6.380217671394348145e-01 -5.706433057785034180e-01 1.000000000000000000e+00
3.721852302551269531e-01 -6.669586896896362305e-01 -5.026398897171020508e-01 1.000000000000000000e+00
5.105351209640502930e-01 -6.444576978683471680e-01 -3.639037907123565674e-01 1.000000000000000000e+00
6.034989953041076660e-01 -4.811785519123077393e-01 -2.121599167585372925e-01 1.000000000000000000e+00
8.323923684656620026e-03 -4.152387082576751709e-01 -5.852079391479492188e-01 1.000000000000000000e+00
1.410391740500926971e-02 -2.851099073886871338e-01 -6.621197462081909180e-01 1.000000000000000000e+00
1.733801886439323425e-02 -1.887521594762802124e-01 -7.325947284698486328e-01 1.000000000000000000e+00
2.179559879004955292e-02 -8.834445476531982422e-02 -7.854127287864685059e-01 1.000000000000000000e+00
-1.017011553049087524e-01 4.094497486948966980e-02 -5.981070399284362793e-01 1.000000000000000000e+00
-4.044911637902259827e-02 5.270888283848762512e-02 -6.238963603973388672e-01 1.000000000000000000e+00
1.904855668544769287e-02 6.737904995679855347e-02 -6.430259346961975098e-01 1.000000000000000000e+00
7.743059843778610229e-02 5.052733048796653748e-02 -6.245039701461791992e-01 1.000000000000000000e+00
1.356766670942306519e-01 3.615558892488479614e-02 -5.975706577301025391e-01 1.000000000000000000e+00
-4.490470290184020996e-01 -3.679436445236206055e-01 -4.021673798561096191e-01 1.000000000000000000e+00
-3.617495298385620117e-01 -4.269245266914367676e-01 -5.013340711593627930e-01 1.000000000000000000e+00
-2.638881206512451172e-01 -4.239454865455627441e-01 -5.082379579544067383e-01 1.000000000000000000e+00
-1.762463897466659546e-01 -3.683388829231262207e-01 -4.715914428234100342e-01 1.000000000000000000e+00
-2.574371993541717529e-01 -3.369092345237731934e-01 -4.843782186508178711e-01 1.000000000000000000e+00
-3.496581315994262695e-01 -3.297459483146667480e-01 -4.743965864181518555e-01 1.000000000000000000e+00
1.852037906646728516e-01 -3.786028325557708740e-01 -4.765599668025970459e-01 1.000000000000000000e+00
2.710698544979095459e-01 -4.374787509441375732e-01 -5.105915069580078125e-01 1.000000000000000000e+00
3.681916296482086182e-01 -4.468507766723632812e-01 -5.024411678314208984e-01 1.000000000000000000e+00
4.554824531078338623e-01 -3.931339681148529053e-01 -3.990498185157775879e-01 1.000000000000000000e+00
3.608718216419219971e-01 -3.492995202541351318e-01 -4.752746820449829102e-01 1.000000000000000000e+00
2.689960300922393799e-01 -3.515362739562988281e-01 -4.875969588756561279e-01 1.000000000000000000e+00
-1.914381384849548340e-01 3.326704502105712891e-01 -5.018072128295898438e-01 1.000000000000000000e+00
-1.238651648163795471e-01 2.654979228973388672e-01 -6.066631674766540527e-01 1.000000000000000000e+00
-3.130277618765830994e-02 2.310462146997451782e-01 -6.595147252082824707e-01 1.000000000000000000e+00
2.560706250369548798e-02 2.334313988685607910e-01 -6.672897338867187500e-01 1.000000000000000000e+00
8.291826397180557251e-02 2.287670522928237915e-01 -6.593007445335388184e-01 1.000000000000000000e+00
1.759352236986160278e-01 2.594684958457946777e-01 -6.021131277084350586e-01 1.000000000000000000e+00
2.502144873142242432e-01 3.208345770835876465e-01 -4.961065948009490967e-01 1.000000000000000000e+00
1.911933720111846924e-01 3.751795589923858643e-01 -5.505042672157287598e-01 1.000000000000000000e+00
1.043297573924064636e-01 4.024449288845062256e-01 -6.043099761009216309e-01 1.000000000000000000e+00
4.096470400691032410e-02 4.112246632575988770e-01 -6.109527349472045898e-01 1.000000000000000000e+00
-2.526619471609592438e-02 4.050774574279785156e-01 -6.051613688468933105e-01 1.000000000000000000e+00
-1.196375861763954163e-01 3.840310275554656982e-01 -5.586794614791870117e-01 1.000000000000000000e+00
-1.854857653379440308e-01 3.326505124568939209e-01 -4.984132647514343262e-01 1.000000000000000000e+00
-2.979927510023117065e-02 2.951338887214660645e-01 -6.059597134590148926e-01 1.000000000000000000e+00
2.699807099997997284e-02 2.932481169700622559e-01 -6.138859391212463379e-01 1.000000000000000000e+00
8.356011658906936646e-02 2.952967584133148193e-01 -6.027228832244873047e-01 1.000000000000000000e+00
2.476886212825775146e-01 3.201858103275299072e-01 -4.961810708045959473e-01 1.000000000000000000e+00
9.968011081218719482e-02 3.379702270030975342e-01 -5.870653390884399414e-01 1.000000000000000000e+00
3.839258849620819092e-02 3.404266834259033203e-01 -5.914208292961120605e-01 1.000000000000000000e+00
-2.315022982656955719e-02 3.409455716609954834e-01 -5.890138149261474609e-01 1.000000000000000000e+00
