-6.873101592063903809e-01 -3.802355229854583740e-01
-6.912464499473571777e-01 -2.004695087671279907e-01
-6.554530262947082520e-01 -2.039542794227600098e-02
-6.291548013687133789e-01 1.368168592453002930e-01
-5.820280909538269043e-01 2.991803884506225586e-01
-5.121663212776184082e-01 4.551945030689239502e-01
-4.050649404525756836e-01 6.091066598892211914e-01
-2.366053760051727295e-01 7.391272187232971191e-01
-6.167993694543838501e-02 7.665456533432006836e-01
1.350971907377243042e-01 7.178617119789123535e-01
3.257779479026794434e-01 6.080796122550964355e-01
4.758345186710357666e-01 4.560407698154449463e-01
6.047087907791137695e-01 2.806688547134399414e-01
6.814259290695190430e-01 8.381612598896026611e-02
7.066811323165893555e-01 -1.054307371377944946e-01
7.069581747055053711e-01 -3.092868924140930176e-01
7.050977349281311035e-01 -5.069650411605834961e-01
-6.787934899330139160e-01 -4.852242171764373779e-01
-6.438010334968566895e-01 -6.430582404136657715e-01
-5.403735041618347168e-01 -6.697915196418762207e-01
-4.095841050148010254e-01 -6.510822176933288574e-01
-2.867581546306610107e-01 -6.102676987648010254e-01
-9.912099689245223999e-02 -6.181851029396057129e-01
2.412427961826324463e-02 -6.702262163162231445e-01
1.839394271373748779e-01 -7.051809430122375488e-01
3.522221148014068604e-01 -6.954065561294555664e-01
4.819187819957733154e-01 -5.483846068382263184e-01
-1.869865655899047852e-01 -4.677082598209381104e-01
-2.006124407052993774e-01 -3.351802229881286621e-01
-2.137726843357086182e-01 -2.250609695911407471e-01
-2.208376228809356689e-01 -1.106168180704116821e-01
-2.831793129444122314e-01 3.836593823507428169e-03
-2.316564470529556274e-01 2.020972780883312225e-02
-1.766497194766998291e-01 3.781473636627197266e-02
-1.142457351088523865e-01 1.583793945610523224e-02
-5.002075806260108948e-02 -5.113272927701473236e-03
-5.663273930549621582e-01 -4.096968472003936768e-01
-5.071746110916137695e-01 -4.610792696475982666e-01
-4.140656292438507080e-01 -4.626791775226593018e-01
-3.171407282352447510e-01 -4.174292981624603271e-01
-4.008001089096069336e-01 -3.798613250255584717e-01
-4.878069460391998291e-01 -3.706275224685668945e-01
2.123100869357585907e-02 -4.339270293712615967e-01
9.647403657436370850e-02 -4.856040775775909424e-01
1.919617652893066406e-01 -4.937896430492401123e-01
3.029478490352630615e-01 -4.523723721504211426e-01
1.938441991806030273e-01 -4.037258028984069824e-01
1.014935821294784546e-01 -4.042539596557617188e-01
-3.304904401302337646e-01 3.125866055488586426e-01
-2.976794838905334473e-01 2.422070205211639404e-01
-2.217903435230255127e-01 2.083300948143005371e-01
-1.668241024017333984e-01 2.105814069509506226e-01
-1.076326817274093628e-01 2.041973173618316650e-01
1.199709484353661537e-03 2.303097844123840332e-01
1.034507378935813904e-01 2.897115945816040039e-01
3.572581335902214050e-02 3.538527488708496094e-01
-6.259279698133468628e-02 3.859125673770904541e-01
-1.261204332113265991e-01 3.962057232856750488e-01
-1.899031549692153931e-01 3.920887112617492676e-01
-2.720187902450561523e-01 3.712762296199798584e-01
-3.238371908664703369e-01 3.114168047904968262e-01
-2.027142792940139771e-01 2.712252140045166016e-01
-1.478093117475509644e-01 2.672945261001586914e-01
-8.814047276973724365e-02 2.696986496448516846e-01
1.011587977409362793e-01 2.888658642768859863e-01
-6.492107361555099487e-02 3.166546523571014404e-01
-1.258176118135452271e-01 3.207915723323822021e-01
-1.868480145931243896e-01 3.233748972415924072e-01
