-6.869668364524841309e-01 -4.297676384449005127e-01 3.314984440803527832e-01 0.000000000000000000e+00
-6.601285934448242188e-01 -2.364152967929840088e-01 3.699382841587066650e-01 0.000000000000000000e+00
-6.223469376564025879e-01 -1.943702995777130127e-02 3.964026868343353271e-01 0.000000000000000000e+00
-5.967829823493957520e-01 1.713400036096572876e-01 3.414468169212341309e-01 0.000000000000000000e+00
-5.494527220726013184e-01 3.562616407871246338e-01 2.085761427879333496e-01 0.000000000000000000e+00
-4.765448868274688721e-01 5.188626646995544434e-01 3.928122110664844513e-03 1.000000000000000000e+00
-3.658052682876586914e-01 6.525350809097290039e-01 -1.598082631826400757e-01 1.000000000000000000e+00
-2.262854427099227905e-01 7.443631887435913086e-01 -3.366226255893707275e-01 1.000000000000000000e+00
-3.228408470749855042e-02 7.727999687194824219e-01 -4.005112648010253906e-01 1.000000000000000000e+00
1.351119875907897949e-01 7.191537618637084961e-01 -4.244919717311859131e-01 1.000000000000000000e+00
3.231766521930694580e-01 6.103633642196655273e-01 -3.287827074527740479e-01 1.000000000000000000e+00
4.740655124187469482e-01 4.623902142047882080e-01 -2.327647954225540161e-01 1.000000000000000000e+00
6.059685945510864258e-01 2.883353233337402344e-01 -8.268129825592041016e-02 1.000000000000000000e+00
6.807155013084411621e-01 9.522014856338500977e-02 1.715299859642982483e-02 1.000000000000000000e+00
7.152718305587768555e-01 -9.156936407089233398e-02 5.082090198993682861e-02 1.000000000000000000e+00
7.141672968864440918e-01 -3.095953464508056641e-01 6.523265969008207321e-03 1.000000000000000000e+00
7.102251052856445312e-01 -5.043045878410339355e-01 -3.594673052430152893e-02 1.000000000000000000e+00
-6.787934899330139160e-01 -4.852242171764373779e-01 -1.474712640047073364e-01 1.000000000000000000e+00
-6.438010334968566895e-01 -6.430582404136657715e-01 -3.335126638412475586e-01 1.000000000000000000e+00
-5.403735041618347168e-01 -6.697915196418762207e-01 -5.012741684913635254e-01 1.000000000000000000e+00
-4.095841050148010254e-01 -6.510822176933288574e-01 -6.025653481483459473e-01 1.000000000000000000e+00
-2.867581546306610107e-01 -6.102676987648010254e-01 -6.484168171882629395e-01 1.000000000000000000e+00
-9.912099689245223999e-02 -6.181851029396057129e-01 -6.997637152671813965e-01 1.000000000000000000e+00
2.412427961826324463e-02 -6.702262163162231445e-01 -7.225851416587829590e-01 1.000000000000000000e+00
1.839394271373748779e-01 -7.051809430122375488e-01 -6.942313909530639648e-01 1.000000000000000000e+00
3.522221148014068604e-01 -6.954065561294555664e-01 -5.900319814682006836e-01 1.000000000000000000e+00
4.819187819957733154e-01 -5.483846068382263184e-01 -4.470803141593933105e-01 1.000000000000000000e+00
-1.869865655899047852e-01 -4.677082598209381104e-01 -6.883695721626281738e-01 1.000000000000000000e+00
-2.006124407052993774e-01 -3.351802229881286621e-01 -7.643694281578063965e-01 1.000000000000000000e+00
-2.137726843357086182e-01 -2.250609695911407471e-01 -8.306292295455932617e-01 1.000000000000000000e+00
-2.208376228809356689e-01 -1.106168180704116821e-01 -8.826655149459838867e-01 1.000000000000000000e+00
-2.831793129444122314e-01 3.836593823507428169e-03 -6.326491832733154297e-01 1.000000000000000000e+00
-2.316564470529556274e-01 2.020972780883312225e-02 -6.786255240440368652e-01 1.000000000000000000e+00
-1.766497194766998291e-01 3.781473636627197266e-02 -7.138739228248596191e-01 1.000000000000000000e+00
-1.142457351088523865e-01 1.583793945610523224e-02 -7.114399671554565430e-01 1.000000000000000000e+00
-5.002075806260108948e-02 -5.113272927701473236e-03 -6.944665312767028809e-01 1.000000000000000000e+00
-5.663273930549621582e-01 -4.096968472003936768e-01 -3.425588309764862061e-01 1.000000000000000000e+00
-5.071746110916137695e-01 -4.610792696475982666e-01 -4.598569273948669434e-01 1.000000000000000000e+00
-4.140656292438507080e-01 -4.626791775226593018e-01 -4.897450208663940430e-01 1.000000000000000000e+00
-3.171407282352447510e-01 -4.174292981624603271e-01 -4.770697057247161865e-01 1.000000000000000000e+00
-4.008001089096069336e-01 -3.798613250255584717e-01 -4.687293171882629395e-01 1.000000000000000000e+00
-4.878069460391998291e-01 -3.706275224685668945e-01 -4.353445470333099365e-01 1.000000000000000000e+00
2.123100869357585907e-02 -4.339270293712615967e-01 -5.707905292510986328e-01 1.000000000000000000e+00
9.647403657436370850e-02 -4.856040775775909424e-01 -6.273535490036010742e-01 1.000000000000000000e+00
1.919617652893066406e-01 -4.937896430492401123e-01 -6.464093327522277832e-01 1.000000000000000000e+00
3.029478490352630615e-01 -4.523723721504211426e-01 -5.697388052940368652e-01 1.000000000000000000e+00
1.938441991806030273e-01 -4.037258028984069824e-01 -6.163682937622070312e-01 1.000000000000000000e+00
1.014935821294784546e-01 -4.042539596557617188e-01 -6.042503118515014648e-01 1.000000000000000000e+00
-3.304904401302337646e-01 3.125866055488586426e-01 -4.888768494129180908e-01 1.000000000000000000e+00
-2.976794838905334473e-01 2.422070205211639404e-01 -6.136196255683898926e-01 1.000000000000000000e+00
-2.217903435230255127e-01 2.083300948143005371e-01 -6.928378939628601074e-01 1.000000000000000000e+00
-1.668241024017333984e-01 2.105814069509506226e-01 -7.149805426597595215e-01 1.000000000000000000e+00
-1.076326817274093628e-01 2.041973173618316650e-01 -7.240672111511230469e-01 1.000000000000000000e+00
1.199709484353661537e-03 2.303097844123840332e-01 -6.910679340362548828e-01 1.000000000000000000e+00
1.034507378935813904e-01 2.897115945816040039e-01 -6.015660166740417480e-01 1.000000000000000000e+00
3.572581335902214050e-02 3.538527488708496094e-01 -6.373681426048278809e-01 1.000000000000000000e+00
-6.259279698133468628e-02 3.859125673770904541e-01 -6.620041728019714355e-01 1.000000000000000000e+00
-1.261204332113265991e-01 3.962057232856750488e-01 -6.497057676315307617e-01 1.000000000000000000e+00
-1.899031549692153931e-01 3.920887112617492676e-01 -6.279760599136352539e-01 1.000000000000000000e+00
-2.720187902450561523e-01 3.712762296199798584e-01 -5.609051585197448730e-01 1.000000000000000000e+00
-3.238371908664703369e-01 3.114168047904968262e-01 -4.861360788345336914e-01 1.000000000000000000e+00
-2.027142792940139771e-01 2.712252140045166016e-01 -6.320758461952209473e-01 1.000000000000000000e+00
-1.478093117475509644e-01 2.672945261001586914e-01 -6.547834277153015137e-01 1.000000000000000000e+00
-8.814047276973724365e-02 2.696986496448516846e-01 -6.611981391906738281e-01 1.000000000000000000e+00
1.011587977409362793e-01 2.888658642768859863e-01 -6.007010340690612793e-01 1.000000000000000000e+00
-6.492107361555099487e-02 3.166546523571014404e-01 -6.457566618919372559e-01 1.000000000000000000e+00
-1.258176118135452271e-01 3.207915723323822021e-01 -6.336187124252319336e-01 1.000000000000000000e+00
-1.868480145931243896e-01 3.233748972415924072e-01 -6.144072413444519043e-01 1.000000000000000000e+00
