-7.390702962875366211e-01 -3.563785552978515625e-01 2.263909429311752319e-01 1.000000000000000000e+00
-7.178173065185546875e-01 -1.640407741069793701e-01 2.535091936588287354e-01 1.000000000000000000e+00
-6.927323341369628906e-01 5.253323912620544434e-02 2.688491344451904297e-01 1.000000000000000000e+00
-6.619198322296142578e-01 2.405844479799270630e-01 2.127554267644882202e-01 1.000000000000000000e+00
-5.814743041992187500e-01 4.095149636268615723e-01 8.770304173231124878e-02 1.000000000000000000e+00
-4.702912867069244385e-01 5.520603656768798828e-01 -9.671668708324432373e-02 1.000000000000000000e+00
-3.189012706279754639e-01 6.621732115745544434e-01 -2.199362963438034058e-01 1.000000000000000000e+00
-1.406934708356857300e-01 7.276900410652160645e-01 -3.515307903289794922e-01 1.000000000000000000e+00
4.892496392130851746e-02 7.617033720016479492e-01 -3.619269430637359619e-01 1.000000000000000000e+00
2.095579206943511963e-01 7.153600454330444336e-01 -3.384885787963867188e-01 1.000000000000000000e+00
3.772290349006652832e-01 6.441066861152648926e-01 -2.008259892463684082e-01 1.000000000000000000e+00
5.098376274108886719e-01 5.220084190368652344e-01 -7.365926355123519897e-02 1.000000000000000000e+00
6.033583879470825195e-01 3.734320402145385742e-01 1.119053587317466736e-01 1.000000000000000000e+00
6.633646488189697266e-01 1.985175460577011108e-01 2.382806241512298584e-01 0.000000000000000000e+00
6.817124485969543457e-01 1.260728016495704651e-02 2.879845499992370605e-01 1.000000000000000000e+00
6.986467838287353516e-01 -2.050738036632537842e-01 2.609942555427551270e-01 1.000000000000000000e+00
7.166823148727416992e-01 -3.990824520587921143e-01 2.358213663101196289e-01 1.000000000000000000e+00
-6.083850264549255371e-01 -4.437359273433685303e-01 -2.233437746763229370e-01 1.000000000000000000e+00
-5.165178179740905762e-01 -6.129897832870483398e-01 -3.737443983554840088e-01 1.000000000000000000e+00
-3.739552199840545654e-01 -6.460917592048645020e-01 -5.045364499092102051e-01 1.000000000000000000e+00
-2.224180549383163452e-01 -6.269825696945190430e-01 -5.683214664459228516e-01 1.000000000000000000e+00
-9.380040317773818970e-02 -5.802119374275207520e-01 -5.811382532119750977e-01 1.000000000000000000e+00
9.894920885562896729e-02 -5.854548215866088867e-01 -5.810534954071044922e-01 1.000000000000000000e+00
2.243109196424484253e-01 -6.392559409141540527e-01 -5.702269077301025391e-01 1.000000000000000000e+00
3.723075389862060547e-01 -6.678033471107482910e-01 -5.022655129432678223e-01 1.000000000000000000e+00
5.104473829269409180e-01 -6.449002027511596680e-01 -3.636950850486755371e-01 1.000000000000000000e+00
6.035879254341125488e-01 -4.813757538795471191e-01 -2.119054496288299561e-01 1.000000000000000000e+00
8.293961174786090851e-03 -4.159054458141326904e-01 -5.849125385284423828e-01 1.000000000000000000e+00
1.409403420984745026e-02 -2.853839099407196045e-01 -6.619297862052917480e-01 1.000000000000000000e+00
1.728704385459423065e-02 -1.891230344772338867e-01 -7.324559688568115234e-01 1.000000000000000000e+00
2.163268812000751495e-02 -8.886733651161193848e-02 -7.855028510093688965e-01 1.000000000000000000e+00
-1.012549251317977905e-01 4.112634807825088501e-02 -5.981263518333435059e-01 1.000000000000000000e+00
-4.035178944468498230e-02 5.275747179985046387e-02 -6.240038275718688965e-01 1.000000000000000000e+00
1.885200105607509613e-02 6.760430335998535156e-02 -6.433109641075134277e-01 1.000000000000000000e+00
7.703099399805068970e-02 5.066831409931182861e-02 -6.248288154602050781e-01 1.000000000000000000e+00
1.349254697561264038e-01 3.644081577658653259e-02 -5.978890061378479004e-01 1.000000000000000000e+00
-4.486963152885437012e-01 -3.671014308929443359e-01 -4.018430709838867188e-01 1.000000000000000000e+00
-3.611719012260437012e-01 -4.235569834709167480e-01 -5.006321072578430176e-01 1.000000000000000000e+00
-2.639880180358886719e-01 -4.211155474185943604e-01 -5.073203444480895996e-01 1.000000000000000000e+00
-1.762164831161499023e-01 -3.681497871875762939e-01 -4.711754024028778076e-01 1.000000000000000000e+00
-2.575519382953643799e-01 -3.370345532894134521e-01 -4.842597544193267822e-01 1.000000000000000000e+00
-3.498423397541046143e-01 -3.296817243099212646e-01 -4.742520451545715332e-01 1.000000000000000000e+00
1.851325333118438721e-01 -3.781730830669403076e-01 -4.762806296348571777e-01 1.000000000000000000e+00
2.711828351020812988e-01 -4.351612329483032227e-01 -5.099626779556274414e-01 1.000000000000000000e+00
3.678527474403381348e-01 -4.440986812114715576e-01 -5.019006133079528809e-01 1.000000000000000000e+00
4.551894366741180420e-01 -3.923148512840270996e-01 -3.988868892192840576e-01 1.000000000000000000e+00
3.608752489089965820e-01 -3.490011096000671387e-01 -4.751629829406738281e-01 1.000000000000000000e+00
2.689241766929626465e-01 -3.513868451118469238e-01 -4.874745905399322510e-01 1.000000000000000000e+00
-1.917412430047988892e-01 3.310531377792358398e-01 -5.036316514015197754e-01 1.000000000000000000e+00
-1.236439570784568787e-01 2.658815085887908936e-01 -6.075677275657653809e-01 1.000000000000000000e+00
-3.150120750069618225e-02 2.317450642585754395e-01 -6.601957082748413086e-01 1.000000000000000000e+00
2.534435503184795380e-02 2.342689186334609985e-01 -6.680776476860046387e-01 1.000000000000000000e+00
8.262819051742553711e-02 2.294733673334121704e-01 -6.601966023445129395e-01 1.000000000000000000e+00
1.750032603740692139e-01 2.600684463977813721e-01 -6.033141613006591797e-01 1.000000000000000000e+00
2.481541931629180908e-01 3.204094767570495605e-01 -4.981415569782257080e-01 1.000000000000000000e+00
1.888473033905029297e-01 3.738701343536376953e-01 -5.524426102638244629e-01 1.000000000000000000e+00
1.019854396581649780e-01 4.010998904705047607e-01 -6.059980988502502441e-01 1.000000000000000000e+00
3.867572918534278870e-02 4.094763994216918945e-01 -6.125139594078063965e-01 1.000000000000000000e+00
-2.740396745502948761e-02 4.031169116497039795e-01 -6.068081259727478027e-01 1.000000000000000000e+00
-1.213227659463882446e-01 3.813706636428833008e-01 -5.607698559761047363e-01 1.000000000000000000e+00
-1.858950704336166382e-01 3.310021460056304932e-01 -5.003157854080200195e-01 1.000000000000000000e+00
-3.005678020417690277e-02 2.959722876548767090e-01 -6.064122915267944336e-01 1.000000000000000000e+00
2.674379386007785797e-02 2.942536771297454834e-01 -6.143527626991271973e-01 1.000000000000000000e+00
8.314222842454910278e-02 2.962291240692138672e-01 -6.032298207283020020e-01 1.000000000000000000e+00
2.456643134355545044e-01 3.197944760322570801e-01 -4.982221424579620361e-01 1.000000000000000000e+00
9.776080399751663208e-02 3.363637328147888184e-01 -5.886594057083129883e-01 1.000000000000000000e+00
3.650883585214614868e-02 3.385969698429107666e-01 -5.931039452552795410e-01 1.000000000000000000e+00
-2.497602440416812897e-02 3.387980759143829346e-01 -5.906540751457214355e-01 1.000000000000000000e+00
