-7.295024394989013672e-01 -3.557623028755187988e-01
-7.070969343185424805e-01 -1.625203043222427368e-01
-6.906605362892150879e-01 2.285620011389255524e-02
-6.572983860969543457e-01 2.021536231040954590e-01
-5.824462771415710449e-01 3.674208819866180420e-01
-4.860849976539611816e-01 5.205446481704711914e-01
-3.351308107376098633e-01 6.456485986709594727e-01
-1.430703252553939819e-01 7.237405180931091309e-01
3.711421787738800049e-02 7.513712644577026367e-01
2.122962921857833862e-01 7.113689780235290527e-01
3.984369635581970215e-01 6.233590245246887207e-01
5.263504981994628906e-01 4.852106869220733643e-01
6.084859967231750488e-01 3.286614716053009033e-01
6.643882989883422852e-01 1.606473475694656372e-01
6.846568584442138672e-01 -1.716854795813560486e-02
6.936949491500854492e-01 -2.008952498435974121e-01
7.089468240737915039e-01 -3.937317728996276855e-01
-6.083850264549255371e-01 -4.437359273433685303e-01
-5.165178179740905762e-01 -6.129897832870483398e-01
-3.739552199840545654e-01 -6.460917592048645020e-01
-2.224180549383163452e-01 -6.269825696945190430e-01
-9.380040317773818970e-02 -5.802119374275207520e-01
9.894920885562896729e-02 -5.854548215866088867e-01
2.243109196424484253e-01 -6.392559409141540527e-01
3.723075389862060547e-01 -6.678033471107482910e-01
5.104473829269409180e-01 -6.449002027511596680e-01
6.035879254341125488e-01 -4.813757538795471191e-01
8.293961174786090851e-03 -4.159054458141326904e-01
1.409403420984745026e-02 -2.853839099407196045e-01
1.728704385459423065e-02 -1.891230344772338867e-01
2.163268812000751495e-02 -8.886733651161193848e-02
-1.012549251317977905e-01 4.112634807825088501e-02
-4.035178944468498230e-02 5.275747179985046387e-02
1.885200105607509613e-02 6.760430335998535156e-02
7.703099399805068970e-02 5.066831409931182861e-02
1.349254697561264038e-01 3.644081577658653259e-02
-4.486963152885437012e-01 -3.671014308929443359e-01
-3.611719012260437012e-01 -4.235569834709167480e-01
-2.639880180358886719e-01 -4.211155474185943604e-01
-1.762164831161499023e-01 -3.681497871875762939e-01
-2.575519382953643799e-01 -3.370345532894134521e-01
-3.498423397541046143e-01 -3.296817243099212646e-01
1.851325333118438721e-01 -3.781730830669403076e-01
2.711828351020812988e-01 -4.351612329483032227e-01
3.678527474403381348e-01 -4.440986812114715576e-01
4.551894366741180420e-01 -3.923148512840270996e-01
3.608752489089965820e-01 -3.490011096000671387e-01
2.689241766929626465e-01 -3.513868451118469238e-01
-1.917412430047988892e-01 3.310531377792358398e-01
-1.236439570784568787e-01 2.658815085887908936e-01
-3.150120750069618225e-02 2.317450642585754395e-01
2.534435503184795380e-02 2.342689186334609985e-01
8.262819051742553711e-02 2.294733673334121704e-01
1.750032603740692139e-01 2.600684463977813721e-01
2.481541931629180908e-01 3.204094767570495605e-01
1.888473033905029297e-01 3.738701343536376953e-01
1.019854396581649780e-01 4.010998904705047607e-01
3.867572918534278870e-02 4.094763994216918945e-01
-2.740396745502948761e-02 4.031169116497039795e-01
-1.213227659463882446e-01 3.813706636428833008e-01
-1.858950704336166382e-01 3.310021460056304932e-01
-3.005678020417690277e-02 2.959722876548767090e-01
2.674379386007785797e-02 2.942536771297454834e-01
8.314222842454910278e-02 2.962291240692138672e-01
2.456643134355545044e-01 3.197944760322570801e-01
9.776080399751663208e-02 3.363637328147888184e-01
3.650883585214614868e-02 3.385969698429107666e-01
-2.497602440416812897e-02 3.387980759143829346e-01
