-7.119458317756652832e-01 -4.203248322010040283e-01 2.589144706726074219e-01 1.000000000000000000e+00
-6.796784996986389160e-01 -2.289744317531585693e-01 2.933934032917022705e-01 1.000000000000000000e+00
-6.345279216766357422e-01 -1.536267716437578201e-02 3.201398253440856934e-01 0.000000000000000000e+00
-5.807425379753112793e-01 1.759232133626937866e-01 2.669011056423187256e-01 0.000000000000000000e+00
-5.257751941680908203e-01 3.605497777462005615e-01 1.461325138807296753e-01 0.000000000000000000e+00
-4.464657008647918701e-01 5.157521367073059082e-01 -3.614557906985282898e-02 1.000000000000000000e+00
-3.242629170417785645e-01 6.353958249092102051e-01 -1.697314977645874023e-01 1.000000000000000000e+00
-1.805206984281539917e-01 7.219033241271972656e-01 -3.260028958320617676e-01 1.000000000000000000e+00
1.633657026104629040e-03 7.513100504875183105e-01 -3.630557358264923096e-01 1.000000000000000000e+00
1.591999679803848267e-01 7.033690214157104492e-01 -3.743353486061096191e-01 1.000000000000000000e+00
3.287939429283142090e-01 6.049748659133911133e-01 -2.660666704177856445e-01 1.000000000000000000e+00
4.667753279209136963e-01 4.728363752365112305e-01 -1.754925400018692017e-01 1.000000000000000000e+00
5.754706859588623047e-01 3.078546524047851562e-01 -2.469210885465145111e-02 1.000000000000000000e+00
6.441549658775329590e-01 1.170460879802703857e-01 7.362348586320877075e-02 1.000000000000000000e+00
6.959990859031677246e-01 -7.272405922412872314e-02 1.040773093700408936e-01 1.000000000000000000e+00
7.118966579437255859e-01 -2.890464365482330322e-01 5.983217060565948486e-02 1.000000000000000000e+00
7.320139408111572266e-01 -4.825392067432403564e-01 2.153688855469226837e-02 1.000000000000000000e+00
-6.735820770263671875e-01 -4.802169799804687500e-01 -2.223698794841766357e-01 1.000000000000000000e+00
-6.214137077331542969e-01 -6.487481594085693359e-01 -4.036141932010650635e-01 1.000000000000000000e+00
-5.016951560974121094e-01 -6.781275272369384766e-01 -5.620242357254028320e-01 1.000000000000000000e+00
-3.580584824085235596e-01 -6.549012660980224609e-01 -6.529455780982971191e-01 1.000000000000000000e+00
-2.289716303348541260e-01 -6.050145626068115234e-01 -6.905680894851684570e-01 1.000000000000000000e+00
-2.627691067755222321e-02 -6.124691963195800781e-01 -7.236669063568115234e-01 1.000000000000000000e+00
1.038803532719612122e-01 -6.718910932540893555e-01 -7.304129600524902344e-01 1.000000000000000000e+00
2.669787406921386719e-01 -7.091627120971679688e-01 -6.856943964958190918e-01 1.000000000000000000e+00
4.303131103515625000e-01 -6.950462460517883301e-01 -5.673413276672363281e-01 1.000000000000000000e+00
5.439724922180175781e-01 -5.350548624992370605e-01 -4.130305349826812744e-01 1.000000000000000000e+00
-1.218215972185134888e-01 -4.385071992874145508e-01 -7.169815301895141602e-01 1.000000000000000000e+00
-1.270269304513931274e-01 -2.978952229022979736e-01 -7.895036935806274414e-01 1.000000000000000000e+00
-1.341144591569900513e-01 -1.880032420158386230e-01 -8.548969626426696777e-01 1.000000000000000000e+00
-1.369284987449645996e-01 -7.545574754476547241e-02 -9.041152000427246094e-01 1.000000000000000000e+00
-2.205587774515151978e-01 4.847217723727226257e-02 -6.726545095443725586e-01 1.000000000000000000e+00
-1.661610305309295654e-01 6.315597146749496460e-02 -7.096679210662841797e-01 1.000000000000000000e+00
-1.078725233674049377e-01 7.943407446146011353e-02 -7.379425764083862305e-01 1.000000000000000000e+00
-4.543563351035118103e-02 5.941163003444671631e-02 -7.292840480804443359e-01 1.000000000000000000e+00
1.595384813845157623e-02 3.987582400441169739e-02 -7.107170820236206055e-01 1.000000000000000000e+00
-5.535885095596313477e-01 -3.935225605964660645e-01 -4.188837707042694092e-01 1.000000000000000000e+00
-4.818324148654937744e-01 -4.520056843757629395e-01 -5.344534516334533691e-01 1.000000000000000000e+00
-3.849522173404693604e-01 -4.494445919990539551e-01 -5.584641098976135254e-01 1.000000000000000000e+00
-2.916824221611022949e-01 -3.909946382045745850e-01 -5.382053852081298828e-01 1.000000000000000000e+00
-3.733559846878051758e-01 -3.558768332004547119e-01 -5.328320264816284180e-01 1.000000000000000000e+00
-4.656911790370941162e-01 -3.476346135139465332e-01 -5.064321756362915039e-01 1.000000000000000000e+00
8.930325508117675781e-02 -4.057484269142150879e-01 -6.025012135505676270e-01 1.000000000000000000e+00
1.688902378082275391e-01 -4.698475897312164307e-01 -6.501603722572326660e-01 1.000000000000000000e+00
2.680165469646453857e-01 -4.818940758705139160e-01 -6.577628254890441895e-01 1.000000000000000000e+00
3.761602640151977539e-01 -4.315240979194641113e-01 -5.690013766288757324e-01 1.000000000000000000e+00
2.687195539474487305e-01 -3.774665296077728271e-01 -6.268682479858398438e-01 1.000000000000000000e+00
1.724382489919662476e-01 -3.777048587799072266e-01 -6.238250732421875000e-01 1.000000000000000000e+00
-2.810823619365692139e-01 3.323080837726593018e-01 -5.151928663253784180e-01 1.000000000000000000e+00
-2.347072213888168335e-01 2.726410627365112305e-01 -6.396842598915100098e-01 1.000000000000000000e+00
-1.538619846105575562e-01 2.419856041669845581e-01 -7.119792103767395020e-01 1.000000000000000000e+00
-9.879367053508758545e-02 2.445148527622222900e-01 -7.287842631340026855e-01 1.000000000000000000e+00
-4.077645018696784973e-02 2.380178272724151611e-01 -7.302599549293518066e-01 1.000000000000000000e+00
6.110539659857749939e-02 2.612949013710021973e-01 -6.847299337387084961e-01 1.000000000000000000e+00
1.553846150636672974e-01 3.105989098548889160e-01 -5.816302895545959473e-01 1.000000000000000000e+00
9.370942413806915283e-02 3.725537359714508057e-01 -6.247769594192504883e-01 1.000000000000000000e+00
-1.797386328689754009e-03 4.062347710132598877e-01 -6.614485979080200195e-01 1.000000000000000000e+00
-6.673748791217803955e-02 4.174762964248657227e-01 -6.561442017555236816e-01 1.000000000000000000e+00
-1.327507495880126953e-01 4.124308228492736816e-01 -6.409810781478881836e-01 1.000000000000000000e+00
-2.199599295854568481e-01 3.886605501174926758e-01 -5.800815224647521973e-01 1.000000000000000000e+00
-2.750271260738372803e-01 3.321331441402435303e-01 -5.121657848358154297e-01 1.000000000000000000e+00
-1.409417688846588135e-01 3.012364208698272705e-01 -6.497238874435424805e-01 1.000000000000000000e+00
-8.662523329257965088e-02 2.996715903282165527e-01 -6.676548123359680176e-01 1.000000000000000000e+00
-2.905502542853355408e-02 2.979279756546020508e-01 -6.654931306838989258e-01 1.000000000000000000e+00
1.529417335987091064e-01 3.099549710750579834e-01 -5.812838673591613770e-01 1.000000000000000000e+00
-6.118338089436292648e-03 3.366070687770843506e-01 -6.476843953132629395e-01 1.000000000000000000e+00
-6.878179311752319336e-02 3.408583700656890869e-01 -6.412681937217712402e-01 1.000000000000000000e+00
-1.297885775566101074e-01 3.427121639251708984e-01 -6.286290884017944336e-01 1.000000000000000000e+00
