-7.079195976257324219e-01 -3.798689544200897217e-01
-7.001360058784484863e-01 -1.819639652967453003e-01
-6.632034778594970703e-01 -6.846031465101987123e-05
-6.242048144340515137e-01 1.498895138502120972e-01
-5.676274299621582031e-01 3.117245435714721680e-01
-4.844773113727569580e-01 4.615513384342193604e-01
-3.578137457370758057e-01 6.024676561355590820e-01
-1.885574012994766235e-01 7.158846855163574219e-01
-1.964460872113704681e-02 7.458750009536743164e-01
1.581619083881378174e-01 7.010916471481323242e-01
3.346611559391021729e-01 5.972322821617126465e-01
4.772315323352813721e-01 4.570706486701965332e-01
5.804260373115539551e-01 2.894793450832366943e-01
6.485706567764282227e-01 9.416357427835464478e-02
6.873914003372192383e-01 -9.387023001909255981e-02
7.041202783584594727e-01 -2.913910150527954102e-01
7.179126143455505371e-01 -4.837356507778167725e-01
-6.735820770263671875e-01 -4.802169799804687500e-01
-6.214137077331542969e-01 -6.487481594085693359e-01
-5.016951560974121094e-01 -6.781275272369384766e-01
-3.580584824085235596e-01 -6.549012660980224609e-01
-2.289716303348541260e-01 -6.050145626068115234e-01
-2.627691067755222321e-02 -6.124691963195800781e-01
1.038803532719612122e-01 -6.718910932540893555e-01
2.669787406921386719e-01 -7.091627120971679688e-01
4.303131103515625000e-01 -6.950462460517883301e-01
5.439724922180175781e-01 -5.350548624992370605e-01
-1.218215972185134888e-01 -4.385071992874145508e-01
-1.270269304513931274e-01 -2.978952229022979736e-01
-1.341144591569900513e-01 -1.880032420158386230e-01
-1.369284987449645996e-01 -7.545574754476547241e-02
-2.205587774515151978e-01 4.847217723727226257e-02
-1.661610305309295654e-01 6.315597146749496460e-02
-1.078725233674049377e-01 7.943407446146011353e-02
-4.543563351035118103e-02 5.941163003444671631e-02
1.595384813845157623e-02 3.987582400441169739e-02
-5.535885095596313477e-01 -3.935225605964660645e-01
-4.818324148654937744e-01 -4.520056843757629395e-01
-3.849522173404693604e-01 -4.494445919990539551e-01
-2.916824221611022949e-01 -3.909946382045745850e-01
-3.733559846878051758e-01 -3.558768332004547119e-01
-4.656911790370941162e-01 -3.476346135139465332e-01
8.930325508117675781e-02 -4.057484269142150879e-01
1.688902378082275391e-01 -4.698475897312164307e-01
2.680165469646453857e-01 -4.818940758705139160e-01
3.761602640151977539e-01 -4.315240979194641113e-01
2.687195539474487305e-01 -3.774665296077728271e-01
1.724382489919662476e-01 -3.777048587799072266e-01
-2.810823619365692139e-01 3.323080837726593018e-01
-2.347072213888168335e-01 2.726410627365112305e-01
-1.538619846105575562e-01 2.419856041669845581e-01
-9.879367053508758545e-02 2.445148527622222900e-01
-4.077645018696784973e-02 2.380178272724151611e-01
6.110539659857749939e-02 2.612949013710021973e-01
1.553846150636672974e-01 3.105989098548889160e-01
9.370942413806915283e-02 3.725537359714508057e-01
-1.797386328689754009e-03 4.062347710132598877e-01
-6.673748791217803955e-02 4.174762964248657227e-01
-1.327507495880126953e-01 4.124308228492736816e-01
-2.199599295854568481e-01 3.886605501174926758e-01
-2.750271260738372803e-01 3.321331441402435303e-01
-1.409417688846588135e-01 3.012364208698272705e-01
-8.662523329257965088e-02 2.996715903282165527e-01
-2.905502542853355408e-02 2.979279756546020508e-01
1.529417335987091064e-01 3.099549710750579834e-01
-6.118338089436292648e-03 3.366070687770843506e-01
-6.878179311752319336e-02 3.408583700656890869e-01
-1.297885775566101074e-01 3.427121639251708984e-01
