-7.393904328346252441e-01 -3.555867671966552734e-01 2.269191890954971313e-01 1.000000000000000000e+00
-7.179595828056335449e-01 -1.629839688539505005e-01 2.541485726833343506e-01 1.000000000000000000e+00
-6.923680305480957031e-01 5.411405861377716064e-02 2.696720957756042480e-01 1.000000000000000000e+00
-6.603691577911376953e-01 2.425325512886047363e-01 2.136338949203491211e-01 1.000000000000000000e+00
-5.792529582977294922e-01 4.120208621025085449e-01 8.882349729537963867e-02 1.000000000000000000e+00
-4.664820432662963867e-01 5.549745559692382812e-01 -9.537553042173385620e-02 1.000000000000000000e+00
-3.130654394626617432e-01 6.649121642112731934e-01 -2.187488824129104614e-01 1.000000000000000000e+00
-1.334186792373657227e-01 7.290293574333190918e-01 -3.506579697132110596e-01 1.000000000000000000e+00
5.661898851394653320e-02 7.606383562088012695e-01 -3.617629110813140869e-01 1.000000000000000000e+00
2.162067294120788574e-01 7.129184007644653320e-01 -3.387075960636138916e-01 1.000000000000000000e+00
3.820573687553405762e-01 6.406606435775756836e-01 -2.011752873659133911e-01 1.000000000000000000e+00
5.129633545875549316e-01 5.185546278953552246e-01 -7.387875765562057495e-02 1.000000000000000000e+00
6.050310134887695312e-01 3.707633018493652344e-01 1.116949096322059631e-01 1.000000000000000000e+00
6.639993786811828613e-01 1.964538395404815674e-01 2.381360828876495361e-01 0.000000000000000000e+00
6.818528175354003906e-01 1.120645739138126373e-02 2.879363596439361572e-01 1.000000000000000000e+00
6.983625292778015137e-01 -2.059242576360702515e-01 2.611181735992431641e-01 1.000000000000000000e+00
7.162745594978332520e-01 -3.996912837028503418e-01 2.360006421804428101e-01 1.000000000000000000e+00
-6.085280179977416992e-01 -4.430717229843139648e-01 -2.231641858816146851e-01 1.000000000000000000e+00
-5.164218544960021973e-01 -6.120490431785583496e-01 -3.736815452575683594e-01 1.000000000000000000e+00
-3.736855387687683105e-01 -6.449292302131652832e-01 -5.043147206306457520e-01 1.000000000000000000e+00
-2.221128940582275391e-01 -6.255185008049011230e-01 -5.680478215217590332e-01 1.000000000000000000e+00
-9.370526671409606934e-02 -5.788963437080383301e-01 -5.809241533279418945e-01 1.000000000000000000e+00
9.856413304805755615e-02 -5.841235518455505371e-01 -5.809175372123718262e-01 1.000000000000000000e+00
2.236699908971786499e-01 -6.379074454307556152e-01 -5.701017975807189941e-01 1.000000000000000000e+00
3.715403378009796143e-01 -6.663052439689636230e-01 -5.024037957191467285e-01 1.000000000000000000e+00
5.098664164543151855e-01 -6.436223983764648438e-01 -3.642022609710693359e-01 1.000000000000000000e+00
6.032188534736633301e-01 -4.811840355396270752e-01 -2.120475471019744873e-01 1.000000000000000000e+00
8.274500258266925812e-03 -4.155693352222442627e-01 -5.849393010139465332e-01 1.000000000000000000e+00
1.418220158666372299e-02 -2.855146229267120361e-01 -6.616786122322082520e-01 1.000000000000000000e+00
1.743546873331069946e-02 -1.896558552980422974e-01 -7.322729229927062988e-01 1.000000000000000000e+00
2.188930660486221313e-02 -8.964523673057556152e-02 -7.854358553886413574e-01 1.000000000000000000e+00
-1.021223366260528564e-01 3.899915143847465515e-02 -5.978926420211791992e-01 1.000000000000000000e+00
-4.059171304106712341e-02 5.096717551350593567e-02 -6.237710714340209961e-01 1.000000000000000000e+00
1.906381919980049133e-02 6.584606319665908813e-02 -6.430363655090332031e-01 1.000000000000000000e+00
7.763088494539260864e-02 4.874033108353614807e-02 -6.244491338729858398e-01 1.000000000000000000e+00
1.362453103065490723e-01 3.419779986143112183e-02 -5.975387096405029297e-01 1.000000000000000000e+00
-4.486043751239776611e-01 -3.670225441455841064e-01 -4.021506309509277344e-01 1.000000000000000000e+00
-3.610824942588806152e-01 -4.231528937816619873e-01 -5.008770823478698730e-01 1.000000000000000000e+00
-2.639391124248504639e-01 -4.206765294075012207e-01 -5.075020194053649902e-01 1.000000000000000000e+00
-1.762356758117675781e-01 -3.678872585296630859e-01 -4.712445735931396484e-01 1.000000000000000000e+00
-2.574939727783203125e-01 -3.370080292224884033e-01 -4.843115508556365967e-01 1.000000000000000000e+00
-3.497782945632934570e-01 -3.297044932842254639e-01 -4.744650423526763916e-01 1.000000000000000000e+00
1.850848793983459473e-01 -3.781273066997528076e-01 -4.763825833797454834e-01 1.000000000000000000e+00
2.711560130119323730e-01 -4.343798756599426270e-01 -5.101034045219421387e-01 1.000000000000000000e+00
3.676572144031524658e-01 -4.432088434696197510e-01 -5.020577311515808105e-01 1.000000000000000000e+00
4.550251364707946777e-01 -3.922822177410125732e-01 -3.991132378578186035e-01 1.000000000000000000e+00
3.607917428016662598e-01 -3.492465913295745850e-01 -4.753488600254058838e-01 1.000000000000000000e+00
2.688173949718475342e-01 -3.516125977039337158e-01 -4.875286519527435303e-01 1.000000000000000000e+00
-1.907452791929244995e-01 3.290741145610809326e-01 -5.031414628028869629e-01 1.000000000000000000e+00
-1.238221749663352966e-01 2.625350356101989746e-01 -6.063364744186401367e-01 1.000000000000000000e+00
-3.121437132358551025e-02 2.286515533924102783e-01 -6.587060689926147461e-01 1.000000000000000000e+00
2.574594505131244659e-02 2.314174473285675049e-01 -6.664601564407348633e-01 1.000000000000000000e+00
8.305985480546951294e-02 2.263313829898834229e-01 -6.584518551826477051e-01 1.000000000000000000e+00
1.760421395301818848e-01 2.560884952545166016e-01 -6.017831563949584961e-01 1.000000000000000000e+00
2.503160536289215088e-01 3.153254985809326172e-01 -4.978800117969512939e-01 1.000000000000000000e+00
1.912631690502166748e-01 3.679506480693817139e-01 -5.529770851135253906e-01 1.000000000000000000e+00
1.046517789363861084e-01 3.949531912803649902e-01 -6.072679162025451660e-01 1.000000000000000000e+00
4.143520817160606384e-02 4.040884673595428467e-01 -6.135899424552917480e-01 1.000000000000000000e+00
-2.467590756714344025e-02 3.984743952751159668e-01 -6.074905991554260254e-01 1.000000000000000000e+00
-1.187672764062881470e-01 3.786808252334594727e-01 -5.603086948394775391e-01 1.000000000000000000e+00
-1.848829239606857300e-01 3.289664089679718018e-01 -4.997595548629760742e-01 1.000000000000000000e+00
-2.977207116782665253e-02 2.924218475818634033e-01 -6.056066751480102539e-01 1.000000000000000000e+00
2.717242389917373657e-02 2.907609641551971436e-01 -6.133485436439514160e-01 1.000000000000000000e+00
8.391358703374862671e-02 2.924308180809020996e-01 -6.024810671806335449e-01 1.000000000000000000e+00
2.478342950344085693e-01 3.147166073322296143e-01 -4.979247450828552246e-01 1.000000000000000000e+00
9.958928823471069336e-02 3.298718333244323730e-01 -5.895780324935913086e-01 1.000000000000000000e+00
3.835041075944900513e-02 3.325852155685424805e-01 -5.938438177108764648e-01 1.000000000000000000e+00
-2.328774333000183105e-02 3.337594270706176758e-01 -5.912639498710632324e-01 1.000000000000000000e+00
