-7.300201654434204102e-01 -3.548323214054107666e-01
-7.072362899780273438e-01 -1.612102389335632324e-01
-6.903810501098632812e-01 2.468299679458141327e-02
-6.563434600830078125e-01 2.044447213411331177e-01
-5.806314349174499512e-01 3.702887296676635742e-01
-4.826405346393585205e-01 5.235700011253356934e-01
-3.295505642890930176e-01 6.485062241554260254e-01
-1.358263045549392700e-01 7.250829935073852539e-01
4.472459107637405396e-02 7.501860260963439941e-01
2.189122736454010010e-01 7.088531851768493652e-01
4.030119478702545166e-01 6.197780966758728027e-01
5.293033123016357422e-01 4.816313087940216064e-01
6.102355718612670898e-01 3.255837857723236084e-01
6.651030778884887695e-01 1.583162248134613037e-01
6.846624612808227539e-01 -1.891972310841083527e-02
6.932296752929687500e-01 -2.023284137248992920e-01
7.084360122680664062e-01 -3.946032524108886719e-01
-6.085280179977416992e-01 -4.430717229843139648e-01
-5.164218544960021973e-01 -6.120490431785583496e-01
-3.736855387687683105e-01 -6.449292302131652832e-01
-2.221128940582275391e-01 -6.255185008049011230e-01
-9.370526671409606934e-02 -5.788963437080383301e-01
9.856413304805755615e-02 -5.841235518455505371e-01
2.236699908971786499e-01 -6.379074454307556152e-01
3.715403378009796143e-01 -6.663052439689636230e-01
5.098664164543151855e-01 -6.436223983764648438e-01
6.032188534736633301e-01 -4.811840355396270752e-01
8.274500258266925812e-03 -4.155693352222442627e-01
1.418220158666372299e-02 -2.855146229267120361e-01
1.743546873331069946e-02 -1.896558552980422974e-01
2.188930660486221313e-02 -8.964523673057556152e-02
-1.021223366260528564e-01 3.899915143847465515e-02
-4.059171304106712341e-02 5.096717551350593567e-02
1.906381919980049133e-02 6.584606319665908813e-02
7.763088494539260864e-02 4.874033108353614807e-02
1.362453103065490723e-01 3.419779986143112183e-02
-4.486043751239776611e-01 -3.670225441455841064e-01
-3.610824942588806152e-01 -4.231528937816619873e-01
-2.639391124248504639e-01 -4.206765294075012207e-01
-1.762356758117675781e-01 -3.678872585296630859e-01
-2.574939727783203125e-01 -3.370080292224884033e-01
-3.497782945632934570e-01 -3.297044932842254639e-01
1.850848793983459473e-01 -3.781273066997528076e-01
2.711560130119323730e-01 -4.343798756599426270e-01
3.676572144031524658e-01 -4.432088434696197510e-01
4.550251364707946777e-01 -3.922822177410125732e-01
3.607917428016662598e-01 -3.492465913295745850e-01
2.688173949718475342e-01 -3.516125977039337158e-01
-1.907452791929244995e-01 3.290741145610809326e-01
-1.238221749663352966e-01 2.625350356101989746e-01
-3.121437132358551025e-02 2.286515533924102783e-01
2.574594505131244659e-02 2.314174473285675049e-01
8.305985480546951294e-02 2.263313829898834229e-01
1.760421395301818848e-01 2.560884952545166016e-01
2.503160536289215088e-01 3.153254985809326172e-01
1.912631690502166748e-01 3.679506480693817139e-01
1.046517789363861084e-01 3.949531912803649902e-01
4.143520817160606384e-02 4.040884673595428467e-01
-2.467590756714344025e-02 3.984743952751159668e-01
-1.187672764062881470e-01 3.786808252334594727e-01
-1.848829239606857300e-01 3.289664089679718018e-01
-2.977207116782665253e-02 2.924218475818634033e-01
2.717242389917373657e-02 2.907609641551971436e-01
8.391358703374862671e-02 2.924308180809020996e-01
2.478342950344085693e-01 3.147166073322296143e-01
9.958928823471069336e-02 3.298718333244323730e-01
3.835041075944900513e-02 3.325852155685424805e-01
-2.328774333000183105e-02 3.337594270706176758e-01
