-6.869602203369140625e-01 -3.805846571922302246e-01
-6.910043954849243164e-01 -2.000586092472076416e-01
-6.548222899436950684e-01 -2.049166709184646606e-02
-6.288910508155822754e-01 1.351853311061859131e-01
-5.825806260108947754e-01 2.970539927482604980e-01
-5.150382518768310547e-01 4.532733857631683350e-01
-4.107552468776702881e-01 6.083630919456481934e-01
-2.447964549064636230e-01 7.417453527450561523e-01
-6.980025023221969604e-02 7.723387479782104492e-01
1.283938139677047729e-01 7.244520187377929688e-01
3.207785487174987793e-01 6.145026683807373047e-01
4.723283946514129639e-01 4.613810777664184570e-01
6.030427217483520508e-01 2.844234704971313477e-01
6.809153556823730469e-01 8.618514239788055420e-02
7.065943479537963867e-01 -1.037122830748558044e-01
7.071985006332397461e-01 -3.081925809383392334e-01
7.054070830345153809e-01 -5.061749219894409180e-01
-6.787328124046325684e-01 -4.860826730728149414e-01
-6.440804600715637207e-01 -6.450015306472778320e-01
-5.412445068359375000e-01 -6.719986796379089355e-01
-4.106780886650085449e-01 -6.535226702690124512e-01
-2.875106930732727051e-01 -6.122412681579589844e-01
-9.886188060045242310e-02 -6.200200319290161133e-01
2.474362403154373169e-02 -6.725121140480041504e-01
1.847595721483230591e-01 -7.077796459197998047e-01
3.528996109962463379e-01 -6.975530982017517090e-01
4.822161495685577393e-01 -5.486270785331726074e-01
-1.869528293609619141e-01 -4.678118526935577393e-01
-2.008121013641357422e-01 -3.342289626598358154e-01
-2.139961570501327515e-01 -2.232721596956253052e-01
-2.210453003644943237e-01 -1.082168370485305786e-01
-2.821197509765625000e-01 8.610446937382221222e-03
-2.312826961278915405e-01 2.397686243057250977e-02
-1.769142597913742065e-01 4.138701036572456360e-02
-1.150618046522140503e-01 1.985418796539306641e-02
-5.167061462998390198e-02 -2.960074743896257132e-05
-5.665664076805114746e-01 -4.110700488090515137e-01
-5.079467296600341797e-01 -4.660152792930603027e-01
-4.140177071094512939e-01 -4.670286476612091064e-01
-3.169713020324707031e-01 -4.183109104633331299e-01
-4.003646671772003174e-01 -3.799141943454742432e-01
-4.873530566692352295e-01 -3.708023726940155029e-01
2.104779891669750214e-02 -4.346148073673248291e-01
9.565697610378265381e-02 -4.904252588748931885e-01
1.921538263559341431e-01 -4.994750916957855225e-01
3.033694028854370117e-01 -4.536260068416595459e-01
1.937844753265380859e-01 -4.035609066486358643e-01
1.013298779726028442e-01 -4.039835929870605469e-01
-3.302976489067077637e-01 3.190679252147674561e-01
-2.972215712070465088e-01 2.490521222352981567e-01
-2.226527929306030273e-01 2.140148729085922241e-01
-1.682101637125015259e-01 2.158331125974655151e-01
-1.094473376870155334e-01 2.101264744997024536e-01
-2.131803426891565323e-03 2.382422834634780884e-01
9.823077917098999023e-02 3.001303970813751221e-01
3.139087930321693420e-02 3.649441599845886230e-01
-6.594313681125640869e-02 3.974630236625671387e-01
-1.291516870260238647e-01 4.070454537868499756e-01
-1.926487684249877930e-01 4.020042419433593750e-01
-2.740576863288879395e-01 3.786770105361938477e-01
-3.237503468990325928e-01 3.180050849914550781e-01
-2.033172845840454102e-01 2.780719101428985596e-01
-1.492754369974136353e-01 2.740834951400756836e-01
-9.037994593381881714e-02 2.770385146141052246e-01
9.594395756721496582e-02 2.992588579654693604e-01
-6.781385093927383423e-02 3.286145329475402832e-01
-1.281767338514328003e-01 3.323617279529571533e-01
-1.883849054574966431e-01 3.336704075336456299e-01
