-6.869087815284729004e-01 -4.304303228855133057e-01 3.301292657852172852e-01 0.000000000000000000e+00
-6.602796912193298340e-01 -2.373767048120498657e-01 3.685496151447296143e-01 0.000000000000000000e+00
-6.230826973915100098e-01 -2.093912288546562195e-02 3.950174450874328613e-01 0.000000000000000000e+00
-5.988143682479858398e-01 1.695842593908309937e-01 3.404815495014190674e-01 0.000000000000000000e+00
-5.522563457489013672e-01 3.543700277805328369e-01 2.078888863325119019e-01 0.000000000000000000e+00
-4.808230698108673096e-01 5.173223614692687988e-01 3.741419641301035881e-03 1.000000000000000000e+00
-3.723354637622833252e-01 6.523565649986267090e-01 -1.583775579929351807e-01 1.000000000000000000e+00
-2.345148921012878418e-01 7.468848824501037598e-01 -3.328928649425506592e-01 1.000000000000000000e+00
-4.033766686916351318e-02 7.783231735229492188e-01 -3.955158591270446777e-01 1.000000000000000000e+00
1.284181922674179077e-01 7.257033586502075195e-01 -4.197963774204254150e-01 1.000000000000000000e+00
3.181543946266174316e-01 6.167874932289123535e-01 -3.258003592491149902e-01 1.000000000000000000e+00
4.705861210823059082e-01 4.676852822303771973e-01 -2.310959994792938232e-01 1.000000000000000000e+00
6.043692827224731445e-01 2.919652760028839111e-01 -8.186639845371246338e-02 1.000000000000000000e+00
6.801709532737731934e-01 9.758476167917251587e-02 1.728820800781250000e-02 1.000000000000000000e+00
7.151095271110534668e-01 -9.000568836927413940e-02 5.044644325971603394e-02 1.000000000000000000e+00
7.143627405166625977e-01 -3.086124956607818604e-01 5.732933059334754944e-03 1.000000000000000000e+00
7.105087041854858398e-01 -5.035595297813415527e-01 -3.690594062209129333e-02 1.000000000000000000e+00
-6.787328124046325684e-01 -4.860826730728149414e-01 -1.481379270553588867e-01 1.000000000000000000e+00
-6.440804600715637207e-01 -6.450015306472778320e-01 -3.338975608348846436e-01 1.000000000000000000e+00
-5.412445068359375000e-01 -6.719986796379089355e-01 -5.020253658294677734e-01 1.000000000000000000e+00
-4.106780886650085449e-01 -6.535226702690124512e-01 -6.036183238029479980e-01 1.000000000000000000e+00
-2.875106930732727051e-01 -6.122412681579589844e-01 -6.494308710098266602e-01 1.000000000000000000e+00
-9.886188060045242310e-02 -6.200200319290161133e-01 -7.009996175765991211e-01 1.000000000000000000e+00
2.474362403154373169e-02 -6.725121140480041504e-01 -7.241380214691162109e-01 1.000000000000000000e+00
1.847595721483230591e-01 -7.077796459197998047e-01 -6.951229572296142578e-01 1.000000000000000000e+00
3.528996109962463379e-01 -6.975530982017517090e-01 -5.901923179626464844e-01 1.000000000000000000e+00
4.822161495685577393e-01 -5.486270785331726074e-01 -4.474379420280456543e-01 1.000000000000000000e+00
-1.869528293609619141e-01 -4.678118526935577393e-01 -6.886795759201049805e-01 1.000000000000000000e+00
-2.008121013641357422e-01 -3.342289626598358154e-01 -7.650079727172851562e-01 1.000000000000000000e+00
-2.139961570501327515e-01 -2.232721596956253052e-01 -8.310801386833190918e-01 1.000000000000000000e+00
-2.210453003644943237e-01 -1.082168370485305786e-01 -8.827067017555236816e-01 1.000000000000000000e+00
-2.821197509765625000e-01 8.610446937382221222e-03 -6.335006952285766602e-01 1.000000000000000000e+00
-2.312826961278915405e-01 2.397686243057250977e-02 -6.790804266929626465e-01 1.000000000000000000e+00
-1.769142597913742065e-01 4.138701036572456360e-02 -7.144041657447814941e-01 1.000000000000000000e+00
-1.150618046522140503e-01 1.985418796539306641e-02 -7.117156982421875000e-01 1.000000000000000000e+00
-5.167061462998390198e-02 -2.960074743896257132e-05 -6.947220563888549805e-01 1.000000000000000000e+00
-5.665664076805114746e-01 -4.110700488090515137e-01 -3.422122597694396973e-01 1.000000000000000000e+00
-5.079467296600341797e-01 -4.660152792930603027e-01 -4.601656794548034668e-01 1.000000000000000000e+00
-4.140177071094512939e-01 -4.670286476612091064e-01 -4.906398355960845947e-01 1.000000000000000000e+00
-3.169713020324707031e-01 -4.183109104633331299e-01 -4.773392677307128906e-01 1.000000000000000000e+00
-4.003646671772003174e-01 -3.799141943454742432e-01 -4.686391055583953857e-01 1.000000000000000000e+00
-4.873530566692352295e-01 -3.708023726940155029e-01 -4.349914789199829102e-01 1.000000000000000000e+00
2.104779891669750214e-02 -4.346148073673248291e-01 -5.710218548774719238e-01 1.000000000000000000e+00
9.565697610378265381e-02 -4.904252588748931885e-01 -6.282525062561035156e-01 1.000000000000000000e+00
1.921538263559341431e-01 -4.994750916957855225e-01 -6.473400592803955078e-01 1.000000000000000000e+00
3.033694028854370117e-01 -4.536260068416595459e-01 -5.696411132812500000e-01 1.000000000000000000e+00
1.937844753265380859e-01 -4.035609066486358643e-01 -6.159639358520507812e-01 1.000000000000000000e+00
1.013298779726028442e-01 -4.039835929870605469e-01 -6.041631102561950684e-01 1.000000000000000000e+00
-3.302976489067077637e-01 3.190679252147674561e-01 -4.916552603244781494e-01 1.000000000000000000e+00
-2.972215712070465088e-01 2.490521222352981567e-01 -6.176798343658447266e-01 1.000000000000000000e+00
-2.226527929306030273e-01 2.140148729085922241e-01 -6.964258551597595215e-01 1.000000000000000000e+00
-1.682101637125015259e-01 2.158331125974655151e-01 -7.186474204063415527e-01 1.000000000000000000e+00
-1.094473376870155334e-01 2.101264744997024536e-01 -7.276715636253356934e-01 1.000000000000000000e+00
-2.131803426891565323e-03 2.382422834634780884e-01 -6.945325732231140137e-01 1.000000000000000000e+00
9.823077917098999023e-02 3.001303970813751221e-01 -6.029751300811767578e-01 1.000000000000000000e+00
3.139087930321693420e-02 3.649441599845886230e-01 -6.367563605308532715e-01 1.000000000000000000e+00
-6.594313681125640869e-02 3.974630236625671387e-01 -6.598812341690063477e-01 1.000000000000000000e+00
-1.291516870260238647e-01 4.070454537868499756e-01 -6.477291584014892578e-01 1.000000000000000000e+00
-1.926487684249877930e-01 4.020042419433593750e-01 -6.267299056053161621e-01 1.000000000000000000e+00
-2.740576863288879395e-01 3.786770105361938477e-01 -5.618365406990051270e-01 1.000000000000000000e+00
-3.237503468990325928e-01 3.180050849914550781e-01 -4.888886511325836182e-01 1.000000000000000000e+00
-2.033172845840454102e-01 2.780719101428985596e-01 -6.355621814727783203e-01 1.000000000000000000e+00
-1.492754369974136353e-01 2.740834951400756836e-01 -6.584190726280212402e-01 1.000000000000000000e+00
-9.037994593381881714e-02 2.770385146141052246e-01 -6.640356183052062988e-01 1.000000000000000000e+00
9.594395756721496582e-02 2.992588579654693604e-01 -6.021218895912170410e-01 1.000000000000000000e+00
-6.781385093927383423e-02 3.286145329475402832e-01 -6.449123024940490723e-01 1.000000000000000000e+00
-1.281767338514328003e-01 3.323617279529571533e-01 -6.327017545700073242e-01 1.000000000000000000e+00
-1.883849054574966431e-01 3.336704075336456299e-01 -6.142393350601196289e-01 1.000000000000000000e+00
