-7.118804454803466797e-01 -4.203551411628723145e-01 2.588878273963928223e-01 1.000000000000000000e+00
-6.796445250511169434e-01 -2.290176898241043091e-01 2.933470010757446289e-01 1.000000000000000000e+00
-6.345452666282653809e-01 -1.546457223594188690e-02 3.200464546680450439e-01 0.000000000000000000e+00
-5.807777047157287598e-01 1.757484227418899536e-01 2.666414678096771240e-01 0.000000000000000000e+00
-5.259827375411987305e-01 3.601582646369934082e-01 1.456541866064071655e-01 0.000000000000000000e+00
-4.469965398311614990e-01 5.149852633476257324e-01 -3.687537461519241333e-02 1.000000000000000000e+00
-3.248897194862365723e-01 6.338607668876647949e-01 -1.708243340253829956e-01 1.000000000000000000e+00
-1.813825517892837524e-01 7.197578549385070801e-01 -3.278996348381042480e-01 1.000000000000000000e+00
8.026291034184396267e-04 7.491205334663391113e-01 -3.649675846099853516e-01 1.000000000000000000e+00
1.585350632667541504e-01 7.015789151191711426e-01 -3.760442733764648438e-01 1.000000000000000000e+00
3.284516334533691406e-01 6.040211915969848633e-01 -2.669302523136138916e-01 1.000000000000000000e+00
4.667156338691711426e-01 4.726766645908355713e-01 -1.760258674621582031e-01 1.000000000000000000e+00
5.752869248390197754e-01 3.079978525638580322e-01 -2.491080015897750854e-02 1.000000000000000000e+00
6.440333724021911621e-01 1.173102781176567078e-01 7.363340258598327637e-02 1.000000000000000000e+00
6.959598660469055176e-01 -7.247759401798248291e-02 1.041299402713775635e-01 1.000000000000000000e+00
7.119254469871520996e-01 -2.888529002666473389e-01 5.987741798162460327e-02 1.000000000000000000e+00
7.320576906204223633e-01 -4.823847413063049316e-01 2.157992869615554810e-02 1.000000000000000000e+00
-6.736459136009216309e-01 -4.801910519599914551e-01 -2.223262488842010498e-01 1.000000000000000000e+00
-6.214856505393981934e-01 -6.488016247749328613e-01 -4.034903347492218018e-01 1.000000000000000000e+00
-5.018039345741271973e-01 -6.779829263687133789e-01 -5.619302988052368164e-01 1.000000000000000000e+00
-3.580860197544097900e-01 -6.546328663825988770e-01 -6.528668403625488281e-01 1.000000000000000000e+00
-2.289942353963851929e-01 -6.048141121864318848e-01 -6.905639767646789551e-01 1.000000000000000000e+00
-2.629300393164157867e-02 -6.120917201042175293e-01 -7.236458063125610352e-01 1.000000000000000000e+00
1.038512960076332092e-01 -6.713737845420837402e-01 -7.303213477134704590e-01 1.000000000000000000e+00
2.670060992240905762e-01 -7.088769078254699707e-01 -6.857020258903503418e-01 1.000000000000000000e+00
4.303793609142303467e-01 -6.949003934860229492e-01 -5.674054622650146484e-01 1.000000000000000000e+00
5.441045761108398438e-01 -5.348586440086364746e-01 -4.130885004997253418e-01 1.000000000000000000e+00
-1.218232065439224243e-01 -4.383962154388427734e-01 -7.169952392578125000e-01 1.000000000000000000e+00
-1.270176768302917480e-01 -2.978659272193908691e-01 -7.895960807800292969e-01 1.000000000000000000e+00
-1.340899914503097534e-01 -1.880733519792556763e-01 -8.549357056617736816e-01 1.000000000000000000e+00
-1.368815153837203979e-01 -7.557372003793716431e-02 -9.042212963104248047e-01 1.000000000000000000e+00
-2.202267646789550781e-01 4.857028648257255554e-02 -6.729215979576110840e-01 1.000000000000000000e+00
-1.660121828317642212e-01 6.326270848512649536e-02 -7.100008726119995117e-01 1.000000000000000000e+00
-1.078325212001800537e-01 7.955157011747360229e-02 -7.382254600524902344e-01 1.000000000000000000e+00
-4.552149027585983276e-02 5.953541025519371033e-02 -7.295258641242980957e-01 1.000000000000000000e+00
1.572713069617748260e-02 3.997923433780670166e-02 -7.108117938041687012e-01 1.000000000000000000e+00
-5.536394119262695312e-01 -3.937082886695861816e-01 -4.189217090606689453e-01 1.000000000000000000e+00
-4.819670021533966064e-01 -4.526887536048889160e-01 -5.345764160156250000e-01 1.000000000000000000e+00
-3.849546313285827637e-01 -4.500119984149932861e-01 -5.586892962455749512e-01 1.000000000000000000e+00
-2.917162179946899414e-01 -3.910024762153625488e-01 -5.382641553878784180e-01 1.000000000000000000e+00
-3.732450604438781738e-01 -3.558105826377868652e-01 -5.328158140182495117e-01 1.000000000000000000e+00
-4.656345844268798828e-01 -3.476070761680603027e-01 -5.063877701759338379e-01 1.000000000000000000e+00
8.938895910978317261e-02 -4.058985412120819092e-01 -6.025549173355102539e-01 1.000000000000000000e+00
1.689627170562744141e-01 -4.699997603893280029e-01 -6.502271890640258789e-01 1.000000000000000000e+00
2.680949270725250244e-01 -4.820318222045898438e-01 -6.578006744384765625e-01 1.000000000000000000e+00
3.762071430683135986e-01 -4.317006170749664307e-01 -5.690432190895080566e-01 1.000000000000000000e+00
2.687982618808746338e-01 -3.776226937770843506e-01 -6.268693208694458008e-01 1.000000000000000000e+00
1.724602878093719482e-01 -3.778612017631530762e-01 -6.238456964492797852e-01 1.000000000000000000e+00
-2.814105749130249023e-01 3.323230743408203125e-01 -5.166549682617187500e-01 1.000000000000000000e+00
-2.344704568386077881e-01 2.731850445270538330e-01 -6.404715776443481445e-01 1.000000000000000000e+00
-1.536366939544677734e-01 2.424847781658172607e-01 -7.124111056327819824e-01 1.000000000000000000e+00
-9.868109971284866333e-02 2.450495064258575439e-01 -7.291010022163391113e-01 1.000000000000000000e+00
-4.079434275627136230e-02 2.384852319955825806e-01 -7.305724024772644043e-01 1.000000000000000000e+00
6.105462834239006042e-02 2.617242932319641113e-01 -6.852316856384277344e-01 1.000000000000000000e+00
1.555942147970199585e-01 3.106800019741058350e-01 -5.827617049217224121e-01 1.000000000000000000e+00
9.366847574710845947e-02 3.710933625698089600e-01 -6.261565685272216797e-01 1.000000000000000000e+00
-1.971963793039321899e-03 4.040386080741882324e-01 -6.628067493438720703e-01 1.000000000000000000e+00
-6.687778234481811523e-02 4.151020646095275879e-01 -6.575917005538940430e-01 1.000000000000000000e+00
-1.328409314155578613e-01 4.101370275020599365e-01 -6.424838304519653320e-01 1.000000000000000000e+00
-2.201365828514099121e-01 3.870810270309448242e-01 -5.817567110061645508e-01 1.000000000000000000e+00
-2.753074169158935547e-01 3.320265114307403564e-01 -5.137251019477844238e-01 1.000000000000000000e+00
-1.408408582210540771e-01 3.019288182258605957e-01 -6.504552960395812988e-01 1.000000000000000000e+00
-8.649599552154541016e-02 3.004325330257415771e-01 -6.683527231216430664e-01 1.000000000000000000e+00
-2.894178964197635651e-02 2.985657155513763428e-01 -6.661842465400695801e-01 1.000000000000000000e+00
1.531206816434860229e-01 3.100392520427703857e-01 -5.824231505393981934e-01 1.000000000000000000e+00
-6.155143026262521744e-03 3.346764147281646729e-01 -6.494104862213134766e-01 1.000000000000000000e+00
-6.890546530485153198e-02 3.386996686458587646e-01 -6.430148482322692871e-01 1.000000000000000000e+00
-1.300006508827209473e-01 3.406977355480194092e-01 -6.304747462272644043e-01 1.000000000000000000e+00
