-7.078613638877868652e-01 -3.798238635063171387e-01
-7.000715136528015137e-01 -1.818878799676895142e-01
-6.630323529243469238e-01 -1.635020162211731076e-04
-6.241997480392456055e-01 1.497127562761306763e-01
-5.680021643638610840e-01 3.114387392997741699e-01
-4.851267933845520020e-01 4.610398411750793457e-01
-3.585264980792999268e-01 6.011534929275512695e-01
-1.894299238920211792e-01 7.136771678924560547e-01
-2.047851495444774628e-02 7.435511350631713867e-01
1.575114578008651733e-01 6.992608308792114258e-01
3.343623578548431396e-01 5.963335633277893066e-01
4.772174060344696045e-01 4.569682776927947998e-01
5.803832411766052246e-01 2.896789610385894775e-01
6.484842300415039062e-01 9.443888813257217407e-02
6.873818635940551758e-01 -9.361880272626876831e-02
7.041623592376708984e-01 -2.911933064460754395e-01
7.179187536239624023e-01 -4.835956692695617676e-01
-6.736459136009216309e-01 -4.801910519599914551e-01
-6.214856505393981934e-01 -6.488016247749328613e-01
-5.018039345741271973e-01 -6.779829263687133789e-01
-3.580860197544097900e-01 -6.546328663825988770e-01
-2.289942353963851929e-01 -6.048141121864318848e-01
-2.629300393164157867e-02 -6.120917201042175293e-01
1.038512960076332092e-01 -6.713737845420837402e-01
2.670060992240905762e-01 -7.088769078254699707e-01
4.303793609142303467e-01 -6.949003934860229492e-01
5.441045761108398438e-01 -5.348586440086364746e-01
-1.218232065439224243e-01 -4.383962154388427734e-01
-1.270176768302917480e-01 -2.978659272193908691e-01
-1.340899914503097534e-01 -1.880733519792556763e-01
-1.368815153837203979e-01 -7.557372003793716431e-02
-2.202267646789550781e-01 4.857028648257255554e-02
-1.660121828317642212e-01 6.326270848512649536e-02
-1.078325212001800537e-01 7.955157011747360229e-02
-4.552149027585983276e-02 5.953541025519371033e-02
1.572713069617748260e-02 3.997923433780670166e-02
-5.536394119262695312e-01 -3.937082886695861816e-01
-4.819670021533966064e-01 -4.526887536048889160e-01
-3.849546313285827637e-01 -4.500119984149932861e-01
-2.917162179946899414e-01 -3.910024762153625488e-01
-3.732450604438781738e-01 -3.558105826377868652e-01
-4.656345844268798828e-01 -3.476070761680603027e-01
8.938895910978317261e-02 -4.058985412120819092e-01
1.689627170562744141e-01 -4.699997603893280029e-01
2.680949270725250244e-01 -4.820318222045898438e-01
3.762071430683135986e-01 -4.317006170749664307e-01
2.687982618808746338e-01 -3.776226937770843506e-01
1.724602878093719482e-01 -3.778612017631530762e-01
-2.814105749130249023e-01 3.323230743408203125e-01
-2.344704568386077881e-01 2.731850445270538330e-01
-1.536366939544677734e-01 2.424847781658172607e-01
-9.868109971284866333e-02 2.450495064258575439e-01
-4.079434275627136230e-02 2.384852319955825806e-01
6.105462834239006042e-02 2.617242932319641113e-01
1.555942147970199585e-01 3.106800019741058350e-01
9.366847574710845947e-02 3.710933625698089600e-01
-1.971963793039321899e-03 4.040386080741882324e-01
-6.687778234481811523e-02 4.151020646095275879e-01
-1.328409314155578613e-01 4.101370275020599365e-01
-2.201365828514099121e-01 3.870810270309448242e-01
-2.753074169158935547e-01 3.320265114307403564e-01
-1.408408582210540771e-01 3.019288182258605957e-01
-8.649599552154541016e-02 3.004325330257415771e-01
-2.894178964197635651e-02 2.985657155513763428e-01
1.531206816434860229e-01 3.100392520427703857e-01
-6.155143026262521744e-03 3.346764147281646729e-01
-6.890546530485153198e-02 3.386996686458587646e-01
-1.300006508827209473e-01 3.406977355480194092e-01
