-7.079716920852661133e-01 -3.795555531978607178e-01
-7.002148032188415527e-01 -1.814609318971633911e-01
-6.631781458854675293e-01 5.648354999721050262e-04
-6.241096854209899902e-01 1.504425406455993652e-01
-5.674941539764404297e-01 3.123026788234710693e-01
-4.843338131904602051e-01 4.621329307556152344e-01
-3.577319383621215820e-01 6.029273271560668945e-01
-1.885287016630172729e-01 7.159754037857055664e-01
-1.960911042988300323e-02 7.458691000938415527e-01
1.582330316305160522e-01 7.009328007698059082e-01
3.348311483860015869e-01 5.971322655677795410e-01
4.773768186569213867e-01 4.569866061210632324e-01
5.805304050445556641e-01 2.894162535667419434e-01
6.485891342163085938e-01 9.410063922405242920e-02
6.873639822006225586e-01 -9.390207380056381226e-02
7.040104866027832031e-01 -2.914053201675415039e-01
7.177508473396301270e-01 -4.837375879287719727e-01
-6.736502051353454590e-01 -4.800782799720764160e-01
-6.214408278465270996e-01 -6.487056016921997070e-01
-5.016996264457702637e-01 -6.778792142868041992e-01
-3.581384122371673584e-01 -6.548324227333068848e-01
-2.290316522121429443e-01 -6.050965189933776855e-01
-2.632948569953441620e-02 -6.123957037925720215e-01
1.038109436631202698e-01 -6.715332269668579102e-01
2.669175863265991211e-01 -7.088946104049682617e-01
4.303458631038665771e-01 -6.950221061706542969e-01
5.439254045486450195e-01 -5.349198579788208008e-01
-1.218059360980987549e-01 -4.385143816471099854e-01
-1.270202100276947021e-01 -2.978212833404541016e-01
-1.340776830911636353e-01 -1.878778189420700073e-01
-1.368436366319656372e-01 -7.531257718801498413e-02
-2.201965600252151489e-01 4.923376068472862244e-02
-1.659598499536514282e-01 6.367354840040206909e-02
-1.077831983566284180e-01 7.984562963247299194e-02
-4.549710825085639954e-02 5.990247428417205811e-02
1.574689522385597229e-02 4.055804386734962463e-02
-5.536569952964782715e-01 -3.936884105205535889e-01
-4.819819331169128418e-01 -4.528388082981109619e-01
-3.849227130413055420e-01 -4.501421451568603516e-01
-2.916805744171142578e-01 -3.910082280635833740e-01
-3.732370138168334961e-01 -3.557674884796142578e-01
-4.655830860137939453e-01 -3.475407063961029053e-01
8.938258141279220581e-02 -4.059926569461822510e-01
1.689910143613815308e-01 -4.700367450714111328e-01
2.681034803390502930e-01 -4.820602238178253174e-01
3.762301206588745117e-01 -4.317294359207153320e-01
2.688106596469879150e-01 -3.776861131191253662e-01
1.725265979766845703e-01 -3.779278695583343506e-01
-2.811198532581329346e-01 3.339056968688964844e-01
-2.343780249357223511e-01 2.739761173725128174e-01
-1.536242663860321045e-01 2.430429458618164062e-01
-9.871833771467208862e-02 2.454999834299087524e-01
-4.090094938874244690e-02 2.390190511941909790e-01
6.071306765079498291e-02 2.624464631080627441e-01
1.548196822404861450e-01 3.117121458053588867e-01
9.297338128089904785e-02 3.728545308113098145e-01
-2.513095736503601074e-03 4.062458276748657227e-01
-6.734666228294372559e-02 4.175655841827392578e-01
-1.332396864891052246e-01 4.126360416412353516e-01
-2.201957255601882935e-01 3.894217014312744141e-01
-2.750732600688934326e-01 3.336627483367919922e-01
-1.407664567232131958e-01 3.024946749210357666e-01
-8.656949549913406372e-02 3.009485006332397461e-01
-2.912323921918869019e-02 2.991276979446411133e-01
1.523649096488952637e-01 3.110670745372772217e-01
-6.960176397114992142e-03 3.368519246578216553e-01
-6.954731792211532593e-02 3.411095440387725830e-01
-1.304417848587036133e-01 3.431313931941986084e-01
