-7.119584083557128906e-01 -4.202352166175842285e-01 2.589152753353118896e-01 1.000000000000000000e+00
-6.796714067459106445e-01 -2.288659811019897461e-01 2.934343516826629639e-01 1.000000000000000000e+00
-6.344782114028930664e-01 -1.521841064095497131e-02 3.202484846115112305e-01 0.000000000000000000e+00
-5.806097388267517090e-01 1.761250793933868408e-01 2.670594751834869385e-01 0.000000000000000000e+00
-5.255928039550781250e-01 3.608091771602630615e-01 1.464148312807083130e-01 0.000000000000000000e+00
-4.462868571281433105e-01 5.161595344543457031e-01 -3.559863194823265076e-02 1.000000000000000000e+00
-3.241105377674102783e-01 6.357102394104003906e-01 -1.691153645515441895e-01 1.000000000000000000e+00
-1.804716289043426514e-01 7.219944596290588379e-01 -3.256183266639709473e-01 1.000000000000000000e+00
1.746400725096464157e-03 7.512840032577514648e-01 -3.628818988800048828e-01 1.000000000000000000e+00
1.592963188886642456e-01 7.032234668731689453e-01 -3.744007349014282227e-01 1.000000000000000000e+00
3.289624750614166260e-01 6.048628687858581543e-01 -2.661009728908538818e-01 1.000000000000000000e+00
4.669167101383209229e-01 4.727418720722198486e-01 -1.756251454353332520e-01 1.000000000000000000e+00
5.755470991134643555e-01 3.077514469623565674e-01 -2.486273646354675293e-02 1.000000000000000000e+00
6.441773176193237305e-01 1.169650182127952576e-01 7.345471531152725220e-02 1.000000000000000000e+00
6.959170699119567871e-01 -7.275226712226867676e-02 1.038508266210556030e-01 1.000000000000000000e+00
7.118043303489685059e-01 -2.890398502349853516e-01 5.964557826519012451e-02 1.000000000000000000e+00
7.319096922874450684e-01 -4.825181663036346436e-01 2.136789262294769287e-02 1.000000000000000000e+00
-6.736502051353454590e-01 -4.800782799720764160e-01 -2.223513722419738770e-01 1.000000000000000000e+00
-6.214408278465270996e-01 -6.487056016921997070e-01 -4.035644829273223877e-01 1.000000000000000000e+00
-5.016996264457702637e-01 -6.778792142868041992e-01 -5.620352029800415039e-01 1.000000000000000000e+00
-3.581384122371673584e-01 -6.548324227333068848e-01 -6.530623435974121094e-01 1.000000000000000000e+00
-2.290316522121429443e-01 -6.050965189933776855e-01 -6.906520724296569824e-01 1.000000000000000000e+00
-2.632948569953441620e-02 -6.123957037925720215e-01 -7.236885428428649902e-01 1.000000000000000000e+00
1.038109436631202698e-01 -6.715332269668579102e-01 -7.305113077163696289e-01 1.000000000000000000e+00
2.669175863265991211e-01 -7.088946104049682617e-01 -6.856917142868041992e-01 1.000000000000000000e+00
4.303458631038665771e-01 -6.950221061706542969e-01 -5.672923922538757324e-01 1.000000000000000000e+00
5.439254045486450195e-01 -5.349198579788208008e-01 -4.130557179450988770e-01 1.000000000000000000e+00
-1.218059360980987549e-01 -4.385143816471099854e-01 -7.168704271316528320e-01 1.000000000000000000e+00
-1.270202100276947021e-01 -2.978212833404541016e-01 -7.895296812057495117e-01 1.000000000000000000e+00
-1.340776830911636353e-01 -1.878778189420700073e-01 -8.548716306686401367e-01 1.000000000000000000e+00
-1.368436366319656372e-01 -7.531257718801498413e-02 -9.040959477424621582e-01 1.000000000000000000e+00
-2.201965600252151489e-01 4.923376068472862244e-02 -6.728762388229370117e-01 1.000000000000000000e+00
-1.659598499536514282e-01 6.367354840040206909e-02 -7.098699808120727539e-01 1.000000000000000000e+00
-1.077831983566284180e-01 7.984562963247299194e-02 -7.380526065826416016e-01 1.000000000000000000e+00
-4.549710825085639954e-02 5.990247428417205811e-02 -7.293483614921569824e-01 1.000000000000000000e+00
1.574689522385597229e-02 4.055804386734962463e-02 -7.106975913047790527e-01 1.000000000000000000e+00
-5.536569952964782715e-01 -3.936884105205535889e-01 -4.189227819442749023e-01 1.000000000000000000e+00
-4.819819331169128418e-01 -4.528388082981109619e-01 -5.346229672431945801e-01 1.000000000000000000e+00
-3.849227130413055420e-01 -4.501421451568603516e-01 -5.587401986122131348e-01 1.000000000000000000e+00
-2.916805744171142578e-01 -3.910082280635833740e-01 -5.383172631263732910e-01 1.000000000000000000e+00
-3.732370138168334961e-01 -3.557674884796142578e-01 -5.328491926193237305e-01 1.000000000000000000e+00
-4.655830860137939453e-01 -3.475407063961029053e-01 -5.064178109169006348e-01 1.000000000000000000e+00
8.938258141279220581e-02 -4.059926569461822510e-01 -6.024606227874755859e-01 1.000000000000000000e+00
1.689910143613815308e-01 -4.700367450714111328e-01 -6.500575542449951172e-01 1.000000000000000000e+00
2.681034803390502930e-01 -4.820602238178253174e-01 -6.576760411262512207e-01 1.000000000000000000e+00
3.762301206588745117e-01 -4.317294359207153320e-01 -5.689449310302734375e-01 1.000000000000000000e+00
2.688106596469879150e-01 -3.776861131191253662e-01 -6.268031597137451172e-01 1.000000000000000000e+00
1.725265979766845703e-01 -3.779278695583343506e-01 -6.237815022468566895e-01 1.000000000000000000e+00
-2.811198532581329346e-01 3.339056968688964844e-01 -5.156561136245727539e-01 1.000000000000000000e+00
-2.343780249357223511e-01 2.739761173725128174e-01 -6.403142809867858887e-01 1.000000000000000000e+00
-1.536242663860321045e-01 2.430429458618164062e-01 -7.123790383338928223e-01 1.000000000000000000e+00
-9.871833771467208862e-02 2.454999834299087524e-01 -7.290542721748352051e-01 1.000000000000000000e+00
-4.090094938874244690e-02 2.390190511941909790e-01 -7.304820418357849121e-01 1.000000000000000000e+00
6.071306765079498291e-02 2.624464631080627441e-01 -6.850495934486389160e-01 1.000000000000000000e+00
1.548196822404861450e-01 3.117121458053588867e-01 -5.822059512138366699e-01 1.000000000000000000e+00
9.297338128089904785e-02 3.728545308113098145e-01 -6.253179311752319336e-01 1.000000000000000000e+00
-2.513095736503601074e-03 4.062458276748657227e-01 -6.616266965866088867e-01 1.000000000000000000e+00
-6.734666228294372559e-02 4.175655841827392578e-01 -6.562457680702209473e-01 1.000000000000000000e+00
-1.332396864891052246e-01 4.126360416412353516e-01 -6.410738825798034668e-01 1.000000000000000000e+00
-2.201957255601882935e-01 3.894217014312744141e-01 -5.802960991859436035e-01 1.000000000000000000e+00
-2.750732600688934326e-01 3.336627483367919922e-01 -5.126511454582214355e-01 1.000000000000000000e+00
-1.407664567232131958e-01 3.024946749210357666e-01 -6.502902507781982422e-01 1.000000000000000000e+00
-8.656949549913406372e-02 3.009485006332397461e-01 -6.682410836219787598e-01 1.000000000000000000e+00
-2.912323921918869019e-02 2.991276979446411133e-01 -6.659247875213623047e-01 1.000000000000000000e+00
1.523649096488952637e-01 3.110670745372772217e-01 -5.818511247634887695e-01 1.000000000000000000e+00
-6.960176397114992142e-03 3.368519246578216553e-01 -6.482006907463073730e-01 1.000000000000000000e+00
-6.954731792211532593e-02 3.411095440387725830e-01 -6.415907740592956543e-01 1.000000000000000000e+00
-1.304417848587036133e-01 3.431313931941986084e-01 -6.290315985679626465e-01 1.000000000000000000e+00
