-7.295618057250976562e-01 -3.551738858222961426e-01
-7.070480585098266602e-01 -1.617197394371032715e-01
-6.904804110527038574e-01 2.375660836696624756e-02
-6.566193103790283203e-01 2.034112811088562012e-01
-5.810551047325134277e-01 3.690488934516906738e-01
-4.835924506187438965e-01 5.226483345031738281e-01
-3.312836885452270508e-01 6.487683653831481934e-01
-1.377630233764648438e-01 7.273136377334594727e-01
4.321655631065368652e-02 7.540214657783508301e-01
2.179724723100662231e-01 7.128564715385437012e-01
4.022906720638275146e-01 6.231945753097534180e-01
5.287226438522338867e-01 4.840520024299621582e-01
6.101052165031433105e-01 3.273971974849700928e-01
6.654303669929504395e-01 1.596763283014297485e-01
6.852223277091979980e-01 -1.791983470320701599e-02
6.936746835708618164e-01 -2.014323025941848755e-01
7.087209820747375488e-01 -3.940482139587402344e-01
-6.084431409835815430e-01 -4.434032738208770752e-01
-5.167392492294311523e-01 -6.128664612770080566e-01
-3.741599917411804199e-01 -6.456285119056701660e-01
-2.224839180707931519e-01 -6.259232759475708008e-01
-9.379505366086959839e-02 -5.788445472717285156e-01
9.875689446926116943e-02 -5.838103890419006348e-01
2.241201698780059814e-01 -6.378099322319030762e-01
3.721776604652404785e-01 -6.668964624404907227e-01
5.104600191116333008e-01 -6.443275213241577148e-01
6.034822463989257812e-01 -4.811409115791320801e-01
8.310515433549880981e-03 -4.151889383792877197e-01
1.410632394254207611e-02 -2.853013277053833008e-01
1.733694411814212799e-02 -1.891845017671585083e-01
2.179451100528240204e-02 -8.888849616050720215e-02
-1.017227247357368469e-01 3.983456268906593323e-02
-4.046956077218055725e-02 5.190447717905044556e-02
1.905195228755474091e-02 6.670826673507690430e-02
7.742884755134582520e-02 4.973333328962326050e-02
1.356456875801086426e-01 3.507366031408309937e-02
-4.490047395229339600e-01 -3.679070472717285156e-01
-3.617184162139892578e-01 -4.267831742763519287e-01
-2.638751864433288574e-01 -4.238016009330749512e-01
-1.762619167566299438e-01 -3.682427704334259033e-01
-2.573949992656707764e-01 -3.368914127349853516e-01
-3.496646583080291748e-01 -3.297467827796936035e-01
1.851927042007446289e-01 -3.784406483173370361e-01
2.710214257240295410e-01 -4.374263286590576172e-01
3.681742250919342041e-01 -4.468170702457427979e-01
4.554513990879058838e-01 -3.930523097515106201e-01
3.608425259590148926e-01 -3.491901159286499023e-01
2.688941061496734619e-01 -3.514206707477569580e-01
-1.898236274719238281e-01 3.311511278152465820e-01
-1.233586147427558899e-01 2.641421556472778320e-01
-3.113088198006153107e-02 2.298058122396469116e-01
2.570679597556591034e-02 2.322859615087509155e-01
8.295925706624984741e-02 2.275284528732299805e-01
1.759613752365112305e-01 2.580061852931976318e-01
2.506025731563568115e-01 3.189379274845123291e-01
1.923791170120239258e-01 3.726864457130432129e-01
1.059742718935012817e-01 3.998494744300842285e-01
4.283823445439338684e-02 4.086875021457672119e-01
-2.324782498180866241e-02 4.026692509651184082e-01
-1.175250783562660217e-01 3.818856179714202881e-01
-1.838286519050598145e-01 3.310752511024475098e-01
-2.953667938709259033e-02 2.939088940620422363e-01
2.714226022362709045e-02 2.920511364936828613e-01
8.362827450037002563e-02 2.940351068973541260e-01
2.480704635381698608e-01 3.182924985885620117e-01
1.012612432241439819e-01 3.351094126701354980e-01
4.012615978717803955e-02 3.376043736934661865e-01
-2.130796946585178375e-02 3.382894098758697510e-01
