-7.391405105590820312e-01 -3.558398485183715820e-01 2.261855155229568481e-01 1.000000000000000000e+00
-7.177655696868896484e-01 -1.633765995502471924e-01 2.533721327781677246e-01 1.000000000000000000e+00
-6.923735141754150391e-01 5.345911905169487000e-02 2.687762677669525146e-01 1.000000000000000000e+00
-6.608045101165771484e-01 2.415761649608612061e-01 2.126924842596054077e-01 1.000000000000000000e+00
-5.800927877426147461e-01 4.110279083251953125e-01 8.802802860736846924e-02 1.000000000000000000e+00
-4.677214324474334717e-01 5.542348027229309082e-01 -9.589599817991256714e-02 1.000000000000000000e+00
-3.149766027927398682e-01 6.653202176094055176e-01 -2.183344960212707520e-01 1.000000000000000000e+00
-1.354305744171142578e-01 7.312734723091125488e-01 -3.491302430629730225e-01 1.000000000000000000e+00
5.496553331613540649e-02 7.643294334411621094e-01 -3.592495918273925781e-01 1.000000000000000000e+00
2.152376323938369751e-01 7.169002294540405273e-01 -3.359142243862152100e-01 1.000000000000000000e+00
3.812747001647949219e-01 6.441217660903930664e-01 -1.989122033119201660e-01 1.000000000000000000e+00
5.123168230056762695e-01 5.210273265838623047e-01 -7.247471064329147339e-02 1.000000000000000000e+00
6.046949625015258789e-01 3.724399209022521973e-01 1.125010475516319275e-01 1.000000000000000000e+00
6.637322306632995605e-01 1.975238919258117676e-01 2.384838610887527466e-01 0.000000000000000000e+00
6.818288564682006836e-01 1.199469156563282013e-02 2.880610823631286621e-01 1.000000000000000000e+00
6.985564231872558594e-01 -2.054095566272735596e-01 2.609646618366241455e-01 1.000000000000000000e+00
7.165200114250183105e-01 -3.992803096771240234e-01 2.357110828161239624e-01 1.000000000000000000e+00
-6.084431409835815430e-01 -4.434032738208770752e-01 -2.235164940357208252e-01 1.000000000000000000e+00
-5.167392492294311523e-01 -6.128664612770080566e-01 -3.736513555049896240e-01 1.000000000000000000e+00
-3.741599917411804199e-01 -6.456285119056701660e-01 -5.046130418777465820e-01 1.000000000000000000e+00
-2.224839180707931519e-01 -6.259232759475708008e-01 -5.683277845382690430e-01 1.000000000000000000e+00
-9.379505366086959839e-02 -5.788445472717285156e-01 -5.813326239585876465e-01 1.000000000000000000e+00
9.875689446926116943e-02 -5.838103890419006348e-01 -5.812466144561767578e-01 1.000000000000000000e+00
2.241201698780059814e-01 -6.378099322319030762e-01 -5.704250931739807129e-01 1.000000000000000000e+00
3.721776604652404785e-01 -6.668964624404907227e-01 -5.025677084922790527e-01 1.000000000000000000e+00
5.104600191116333008e-01 -6.443275213241577148e-01 -3.639393448829650879e-01 1.000000000000000000e+00
6.034822463989257812e-01 -4.811409115791320801e-01 -2.121081799268722534e-01 1.000000000000000000e+00
8.310515433549880981e-03 -4.151889383792877197e-01 -5.852724313735961914e-01 1.000000000000000000e+00
1.410632394254207611e-02 -2.853013277053833008e-01 -6.620690822601318359e-01 1.000000000000000000e+00
1.733694411814212799e-02 -1.891845017671585083e-01 -7.325844764709472656e-01 1.000000000000000000e+00
2.179451100528240204e-02 -8.888849616050720215e-02 -7.855315804481506348e-01 1.000000000000000000e+00
-1.017227247357368469e-01 3.983456268906593323e-02 -5.982708930969238281e-01 1.000000000000000000e+00
-4.046956077218055725e-02 5.190447717905044556e-02 -6.241636872291564941e-01 1.000000000000000000e+00
1.905195228755474091e-02 6.670826673507690430e-02 -6.433911919593811035e-01 1.000000000000000000e+00
7.742884755134582520e-02 4.973333328962326050e-02 -6.247681379318237305e-01 1.000000000000000000e+00
1.356456875801086426e-01 3.507366031408309937e-02 -5.977304577827453613e-01 1.000000000000000000e+00
-4.490047395229339600e-01 -3.679070472717285156e-01 -4.021753072738647461e-01 1.000000000000000000e+00
-3.617184162139892578e-01 -4.267831742763519287e-01 -5.013164281845092773e-01 1.000000000000000000e+00
-2.638751864433288574e-01 -4.238016009330749512e-01 -5.082151889801025391e-01 1.000000000000000000e+00
-1.762619167566299438e-01 -3.682427704334259033e-01 -4.715273976325988770e-01 1.000000000000000000e+00
-2.573949992656707764e-01 -3.368914127349853516e-01 -4.843100309371948242e-01 1.000000000000000000e+00
-3.496646583080291748e-01 -3.297467827796936035e-01 -4.743680953979492188e-01 1.000000000000000000e+00
1.851927042007446289e-01 -3.784406483173370361e-01 -4.766161739826202393e-01 1.000000000000000000e+00
2.710214257240295410e-01 -4.374263286590576172e-01 -5.107430219650268555e-01 1.000000000000000000e+00
3.681742250919342041e-01 -4.468170702457427979e-01 -5.025465488433837891e-01 1.000000000000000000e+00
4.554513990879058838e-01 -3.930523097515106201e-01 -3.991147577762603760e-01 1.000000000000000000e+00
3.608425259590148926e-01 -3.491901159286499023e-01 -4.753009378910064697e-01 1.000000000000000000e+00
2.688941061496734619e-01 -3.514206707477569580e-01 -4.876114428043365479e-01 1.000000000000000000e+00
-1.898236274719238281e-01 3.311511278152465820e-01 -5.039079785346984863e-01 1.000000000000000000e+00
-1.233586147427558899e-01 2.641421556472778320e-01 -6.075246334075927734e-01 1.000000000000000000e+00
-3.113088198006153107e-02 2.298058122396469116e-01 -6.599764823913574219e-01 1.000000000000000000e+00
2.570679597556591034e-02 2.322859615087509155e-01 -6.677237749099731445e-01 1.000000000000000000e+00
8.295925706624984741e-02 2.275284528732299805e-01 -6.597459912300109863e-01 1.000000000000000000e+00
1.759613752365112305e-01 2.580061852931976318e-01 -6.029167175292968750e-01 1.000000000000000000e+00
2.506025731563568115e-01 3.189379274845123291e-01 -4.979283213615417480e-01 1.000000000000000000e+00
1.923791170120239258e-01 3.726864457130432129e-01 -5.521308183670043945e-01 1.000000000000000000e+00
1.059742718935012817e-01 3.998494744300842285e-01 -6.060198545455932617e-01 1.000000000000000000e+00
4.283823445439338684e-02 4.086875021457672119e-01 -6.126887798309326172e-01 1.000000000000000000e+00
-2.324782498180866241e-02 4.026692509651184082e-01 -6.069197058677673340e-01 1.000000000000000000e+00
-1.175250783562660217e-01 3.818856179714202881e-01 -5.606102347373962402e-01 1.000000000000000000e+00
-1.838286519050598145e-01 3.310752511024475098e-01 -5.004941821098327637e-01 1.000000000000000000e+00
-2.953667938709259033e-02 2.939088940620422363e-01 -6.068322658538818359e-01 1.000000000000000000e+00
2.714226022362709045e-02 2.920511364936828613e-01 -6.146259307861328125e-01 1.000000000000000000e+00
8.362827450037002563e-02 2.940351068973541260e-01 -6.036229133605957031e-01 1.000000000000000000e+00
2.480704635381698608e-01 3.182924985885620117e-01 -4.979878664016723633e-01 1.000000000000000000e+00
1.012612432241439819e-01 3.351094126701354980e-01 -5.889027714729309082e-01 1.000000000000000000e+00
4.012615978717803955e-02 3.376043736934661865e-01 -5.932777523994445801e-01 1.000000000000000000e+00
-2.130796946585178375e-02 3.382894098758697510e-01 -5.909901857376098633e-01 1.000000000000000000e+00
