-7.298952937126159668e-01 -3.551232516765594482e-01
-7.071919441223144531e-01 -1.617648452520370483e-01
-6.904415488243103027e-01 2.383812330663204193e-02
-6.566155552864074707e-01 2.033721208572387695e-01
-5.813044309616088867e-01 3.689842224121093750e-01
-4.837283492088317871e-01 5.221667885780334473e-01
-3.311177492141723633e-01 6.469691991806030273e-01
-1.379489451646804810e-01 7.240588068962097168e-01
4.247487708926200867e-02 7.495984435081481934e-01
2.169663459062576294e-01 7.086102366447448730e-01
4.017084240913391113e-01 6.197234392166137695e-01
5.285645127296447754e-01 4.816677868366241455e-01
6.099151372909545898e-01 3.255628347396850586e-01
6.649822592735290527e-01 1.582624465227127075e-01
6.846427917480468750e-01 -1.897799409925937653e-02
6.933082342147827148e-01 -2.022356241941452026e-01
7.086026668548583984e-01 -3.944358825683593750e-01
-6.086037755012512207e-01 -4.431745111942291260e-01
-5.166215896606445312e-01 -6.122969388961791992e-01
-3.739265501499176025e-01 -6.451126337051391602e-01
-2.221587300300598145e-01 -6.251696944236755371e-01
-9.356414526700973511e-02 -5.781083703041076660e-01
9.873548150062561035e-02 -5.833089947700500488e-01
2.239826321601867676e-01 -6.374770998954772949e-01
3.720407485961914062e-01 -6.664218306541442871e-01
5.102207064628601074e-01 -6.438412070274353027e-01
6.033646464347839355e-01 -4.810416400432586670e-01
8.315990678966045380e-03 -4.150397479534149170e-01
1.415706612169742584e-02 -2.854057252407073975e-01
1.737644523382186890e-02 -1.896399706602096558e-01
2.177238650619983673e-02 -8.958239853382110596e-02
-1.023547276854515076e-01 3.787075728178024292e-02
-4.082841053605079651e-02 5.044389516115188599e-02
1.895486377179622650e-02 6.550636887550354004e-02
7.769244909286499023e-02 4.823137819766998291e-02
1.361931115388870239e-01 3.310291096568107605e-02
-4.489158391952514648e-01 -3.674294054508209229e-01
-3.615380525588989258e-01 -4.246467947959899902e-01
-2.641267180442810059e-01 -4.219569563865661621e-01
-1.764269024133682251e-01 -3.680325150489807129e-01
-2.576533555984497070e-01 -3.370373249053955078e-01
-3.500077724456787109e-01 -3.298576176166534424e-01
1.852750182151794434e-01 -3.780609071254730225e-01
2.711320817470550537e-01 -4.361179769039154053e-01
3.680616021156311035e-01 -4.453455805778503418e-01
4.553625583648681641e-01 -3.926229178905487061e-01
3.609510660171508789e-01 -3.491248488426208496e-01
2.688966989517211914e-01 -3.513503670692443848e-01
-1.920533180236816406e-01 3.261739015579223633e-01
-1.247440353035926819e-01 2.603576481342315674e-01
-3.178024664521217346e-02 2.267984151840209961e-01
2.550090849399566650e-02 2.295289486646652222e-01
8.313894271850585938e-02 2.244864702224731445e-01
1.762452721595764160e-01 2.541358172893524170e-01
2.498988956212997437e-01 3.133052885532379150e-01
1.903451979160308838e-01 3.668642640113830566e-01
1.033345013856887817e-01 3.942373991012573242e-01
3.999308869242668152e-02 4.031152427196502686e-01
-2.615686692297458649e-02 3.973284065723419189e-01
-1.205372959375381470e-01 3.765651583671569824e-01
-1.861731410026550293e-01 3.261097073554992676e-01
-3.028312511742115021e-02 2.905238568782806396e-01
2.681562863290309906e-02 2.886978685855865479e-01
8.368249982595443726e-02 2.905713915824890137e-01
2.474153935909271240e-01 3.126929104328155518e-01
9.854178875684738159e-02 3.290453255176544189e-01
3.711589798331260681e-02 3.317363560199737549e-01
-2.458727359771728516e-02 3.325324356555938721e-01
