-7.393511533737182617e-01 -3.558323085308074951e-01 2.269869148731231689e-01 1.000000000000000000e+00
-7.179451584815979004e-01 -1.632835865020751953e-01 2.541698217391967773e-01 1.000000000000000000e+00
-6.924635767936706543e-01 5.367954820394515991e-02 2.696120738983154297e-01 1.000000000000000000e+00
-6.606712937355041504e-01 2.418814897537231445e-01 2.133511602878570557e-01 1.000000000000000000e+00
-5.799486637115478516e-01 4.112515747547149658e-01 8.812244981527328491e-02 1.000000000000000000e+00
-4.676525294780731201e-01 5.537425279617309570e-01 -9.669278562068939209e-02 1.000000000000000000e+00
-3.147306442260742188e-01 6.635043621063232422e-01 -2.204069048166275024e-01 1.000000000000000000e+00
-1.355391740798950195e-01 7.280620932579040527e-01 -3.524613082408905029e-01 1.000000000000000000e+00
5.441452190279960632e-02 7.602187991142272949e-01 -3.635684549808502197e-01 1.000000000000000000e+00
2.142893075942993164e-01 7.127258181571960449e-01 -3.404348790645599365e-01 1.000000000000000000e+00
3.807475864887237549e-01 6.406777501106262207e-01 -2.028119266033172607e-01 1.000000000000000000e+00
5.122293829917907715e-01 5.187877416610717773e-01 -7.519678771495819092e-02 1.000000000000000000e+00
6.047623753547668457e-01 3.711989521980285645e-01 1.109675392508506775e-01 1.000000000000000000e+00
6.637510061264038086e-01 1.967517882585525513e-01 2.377724945545196533e-01 0.000000000000000000e+00
6.818166971206665039e-01 1.140987966209650040e-02 2.879688441753387451e-01 1.000000000000000000e+00
6.984207034111022949e-01 -2.058311104774475098e-01 2.611790597438812256e-01 1.000000000000000000e+00
7.163651585578918457e-01 -3.996468782424926758e-01 2.360841780900955200e-01 1.000000000000000000e+00
-6.086037755012512207e-01 -4.431745111942291260e-01 -2.233121842145919800e-01 1.000000000000000000e+00
-5.166215896606445312e-01 -6.122969388961791992e-01 -3.736517429351806641e-01 1.000000000000000000e+00
-3.739265501499176025e-01 -6.451126337051391602e-01 -5.043780207633972168e-01 1.000000000000000000e+00
-2.221587300300598145e-01 -6.251696944236755371e-01 -5.679702758789062500e-01 1.000000000000000000e+00
-9.356414526700973511e-02 -5.781083703041076660e-01 -5.810424089431762695e-01 1.000000000000000000e+00
9.873548150062561035e-02 -5.833089947700500488e-01 -5.809707641601562500e-01 1.000000000000000000e+00
2.239826321601867676e-01 -6.374770998954772949e-01 -5.700058341026306152e-01 1.000000000000000000e+00
3.720407485961914062e-01 -6.664218306541442871e-01 -5.023046135902404785e-01 1.000000000000000000e+00
5.102207064628601074e-01 -6.438412070274353027e-01 -3.640301823616027832e-01 1.000000000000000000e+00
6.033646464347839355e-01 -4.810416400432586670e-01 -2.121781557798385620e-01 1.000000000000000000e+00
8.315990678966045380e-03 -4.150397479534149170e-01 -5.852915048599243164e-01 1.000000000000000000e+00
1.415706612169742584e-02 -2.854057252407073975e-01 -6.617558002471923828e-01 1.000000000000000000e+00
1.737644523382186890e-02 -1.896399706602096558e-01 -7.323218584060668945e-01 1.000000000000000000e+00
2.177238650619983673e-02 -8.958239853382110596e-02 -7.854393124580383301e-01 1.000000000000000000e+00
-1.023547276854515076e-01 3.787075728178024292e-02 -5.976254343986511230e-01 1.000000000000000000e+00
-4.082841053605079651e-02 5.044389516115188599e-02 -6.236518025398254395e-01 1.000000000000000000e+00
1.895486377179622650e-02 6.550636887550354004e-02 -6.428993344306945801e-01 1.000000000000000000e+00
7.769244909286499023e-02 4.823137819766998291e-02 -6.243426799774169922e-01 1.000000000000000000e+00
1.361931115388870239e-01 3.310291096568107605e-02 -5.972376465797424316e-01 1.000000000000000000e+00
-4.489158391952514648e-01 -3.674294054508209229e-01 -4.022743999958038330e-01 1.000000000000000000e+00
-3.615380525588989258e-01 -4.246467947959899902e-01 -5.012298822402954102e-01 1.000000000000000000e+00
-2.641267180442810059e-01 -4.219569563865661621e-01 -5.079356431961059570e-01 1.000000000000000000e+00
-1.764269024133682251e-01 -3.680325150489807129e-01 -4.714195132255554199e-01 1.000000000000000000e+00
-2.576533555984497070e-01 -3.370373249053955078e-01 -4.843774735927581787e-01 1.000000000000000000e+00
-3.500077724456787109e-01 -3.298576176166534424e-01 -4.745520651340484619e-01 1.000000000000000000e+00
1.852750182151794434e-01 -3.780609071254730225e-01 -4.765688180923461914e-01 1.000000000000000000e+00
2.711320817470550537e-01 -4.361179769039154053e-01 -5.106776356697082520e-01 1.000000000000000000e+00
3.680616021156311035e-01 -4.453455805778503418e-01 -5.025438070297241211e-01 1.000000000000000000e+00
4.553625583648681641e-01 -3.926229178905487061e-01 -3.992160558700561523e-01 1.000000000000000000e+00
3.609510660171508789e-01 -3.491248488426208496e-01 -4.754029512405395508e-01 1.000000000000000000e+00
2.688966989517211914e-01 -3.513503670692443848e-01 -4.876092672348022461e-01 1.000000000000000000e+00
-1.920533180236816406e-01 3.261739015579223633e-01 -5.031690001487731934e-01 1.000000000000000000e+00
-1.247440353035926819e-01 2.603576481342315674e-01 -6.060161590576171875e-01 1.000000000000000000e+00
-3.178024664521217346e-02 2.267984151840209961e-01 -6.585995554924011230e-01 1.000000000000000000e+00
2.550090849399566650e-02 2.295289486646652222e-01 -6.664419174194335938e-01 1.000000000000000000e+00
8.313894271850585938e-02 2.244864702224731445e-01 -6.585077643394470215e-01 1.000000000000000000e+00
1.762452721595764160e-01 2.541358172893524170e-01 -6.017953753471374512e-01 1.000000000000000000e+00
2.498988956212997437e-01 3.133052885532379150e-01 -4.981270432472229004e-01 1.000000000000000000e+00
1.903451979160308838e-01 3.668642640113830566e-01 -5.534933805465698242e-01 1.000000000000000000e+00
1.033345013856887817e-01 3.942373991012573242e-01 -6.078746318817138672e-01 1.000000000000000000e+00
3.999308869242668152e-02 4.031152427196502686e-01 -6.143033504486083984e-01 1.000000000000000000e+00
-2.615686692297458649e-02 3.973284065723419189e-01 -6.081759333610534668e-01 1.000000000000000000e+00
-1.205372959375381470e-01 3.765651583671569824e-01 -5.608652234077453613e-01 1.000000000000000000e+00
-1.861731410026550293e-01 3.261097073554992676e-01 -4.997889399528503418e-01 1.000000000000000000e+00
-3.028312511742115021e-02 2.905238568782806396e-01 -6.055829524993896484e-01 1.000000000000000000e+00
2.681562863290309906e-02 2.886978685855865479e-01 -6.131377220153808594e-01 1.000000000000000000e+00
8.368249982595443726e-02 2.905713915824890137e-01 -6.025507450103759766e-01 1.000000000000000000e+00
2.474153935909271240e-01 3.126929104328155518e-01 -4.981593787670135498e-01 1.000000000000000000e+00
9.854178875684738159e-02 3.290453255176544189e-01 -5.901287794113159180e-01 1.000000000000000000e+00
3.711589798331260681e-02 3.317363560199737549e-01 -5.946506857872009277e-01 1.000000000000000000e+00
-2.458727359771728516e-02 3.325324356555938721e-01 -5.917413830757141113e-01 1.000000000000000000e+00
