-7.086626887321472168e-01 -3.789256215095520020e-01
-7.007708549499511719e-01 -1.813326925039291382e-01
-6.632977128028869629e-01 2.200234448537230492e-03
-6.235474348068237305e-01 1.535790562629699707e-01
-5.658606290817260742e-01 3.157888650894165039e-01
-4.800209701061248779e-01 4.645911455154418945e-01
-3.496338427066802979e-01 6.017164587974548340e-01
-1.772519499063491821e-01 7.080587148666381836e-01
-9.187597781419754028e-03 7.326232790946960449e-01
1.662795096635818481e-01 6.868333220481872559e-01
3.409916460514068604e-01 5.845674276351928711e-01
4.815773665904998779e-01 4.473656415939331055e-01
5.824089050292968750e-01 2.824200689792633057e-01
6.495111584663391113e-01 8.995348960161209106e-02
6.869712471961975098e-01 -9.726762771606445312e-02
7.037066221237182617e-01 -2.936233878135681152e-01
7.174271941184997559e-01 -4.855154156684875488e-01
-6.733687520027160645e-01 -4.781136214733123779e-01
-6.199615597724914551e-01 -6.419511437416076660e-01
-4.984924495220184326e-01 -6.717481017112731934e-01
-3.549678921699523926e-01 -6.503215432167053223e-01
-2.270637899637222290e-01 -6.031360030174255371e-01
-2.702230587601661682e-02 -6.117793321609497070e-01
1.021168157458305359e-01 -6.690922975540161133e-01
2.645181417465209961e-01 -7.033123373985290527e-01
4.282801747322082520e-01 -6.891863942146301270e-01
5.433850884437561035e-01 -5.346869230270385742e-01
-1.219284534454345703e-01 -4.404659569263458252e-01
-1.266657561063766479e-01 -3.010899424552917480e-01
-1.337949633598327637e-01 -1.927731782197952271e-01
-1.369343250989913940e-01 -8.168864995241165161e-02
-2.216746956110000610e-01 3.996052965521812439e-02
-1.665851920843124390e-01 5.592522770166397095e-02
-1.079157665371894836e-01 7.281357049942016602e-02
-4.495580494403839111e-02 5.195081606507301331e-02
1.741900481283664703e-02 3.101824223995208740e-02
-5.520310401916503906e-01 -3.881376981735229492e-01
-4.780660569667816162e-01 -4.314315021038055420e-01
-3.849828243255615234e-01 -4.316694140434265137e-01
-2.918784320354461670e-01 -3.886005282402038574e-01
-3.748079836368560791e-01 -3.561329543590545654e-01
-4.669623076915740967e-01 -3.469814062118530273e-01
8.984792232513427734e-02 -4.032431244850158691e-01
1.716556698083877563e-01 -4.522935152053833008e-01
2.671258151531219482e-01 -4.611747860908508301e-01
3.749154210090637207e-01 -4.265664815902709961e-01
2.691712379455566406e-01 -3.770784735679626465e-01
1.732128411531448364e-01 -3.780148625373840332e-01
-2.828446626663208008e-01 3.225228786468505859e-01
-2.358595430850982666e-01 2.626483440399169922e-01
-1.531839817762374878e-01 2.343066930770874023e-01
-9.744481742382049561e-02 2.379004806280136108e-01
-3.881213441491127014e-02 2.299395352602005005e-01
6.488732993602752686e-02 2.496437728404998779e-01
1.615059822797775269e-01 2.938388288021087646e-01
9.783475846052169800e-02 3.555196225643157959e-01
5.655170534737408161e-04 3.890905380249023438e-01
-6.516981124877929688e-02 4.014987647533416748e-01
-1.318943649530410767e-01 3.980924785137176514e-01
-2.198726236820220947e-01 3.781854510307312012e-01
-2.768815457820892334e-01 3.223693072795867920e-01
-1.405894309282302856e-01 2.913851737976074219e-01
-8.468899130821228027e-02 2.903238832950592041e-01
-2.575685083866119385e-02 2.873070836067199707e-01
1.591358184814453125e-01 2.933418154716491699e-01
-4.655036609619855881e-03 3.184872865676879883e-01
-6.816362589597702026e-02 3.233691751956939697e-01
-1.308494359254837036e-01 3.275739550590515137e-01
