-7.122591733932495117e-01 -4.193192720413208008e-01 2.625755667686462402e-01 1.000000000000000000e+00
-6.797145009040832520e-01 -2.274852842092514038e-01 2.970925569534301758e-01 1.000000000000000000e+00
-6.336584687232971191e-01 -1.296096201986074448e-02 3.240223824977874756e-01 0.000000000000000000e+00
-5.781297683715820312e-01 1.789058893918991089e-01 2.706525623798370361e-01 0.000000000000000000e+00
-5.210751891136169434e-01 3.630525171756744385e-01 1.493423283100128174e-01 0.000000000000000000e+00
-4.395830929279327393e-01 5.172091722488403320e-01 -3.325084224343299866e-02 1.000000000000000000e+00
-3.146006762981414795e-01 6.333511471748352051e-01 -1.697584688663482666e-01 1.000000000000000000e+00
-1.687724739313125610e-01 7.136604785919189453e-01 -3.302761316299438477e-01 1.000000000000000000e+00
1.218004897236824036e-02 7.379910349845886230e-01 -3.701054453849792480e-01 1.000000000000000000e+00
1.672247648239135742e-01 6.890776157379150391e-01 -3.810982108116149902e-01 1.000000000000000000e+00
3.351485431194305420e-01 5.922325253486633301e-01 -2.701378166675567627e-01 1.000000000000000000e+00
4.712342619895935059e-01 4.629396796226501465e-01 -1.772439926862716675e-01 1.000000000000000000e+00
5.774701833724975586e-01 3.011088967323303223e-01 -2.539260685443878174e-02 1.000000000000000000e+00
6.454923748970031738e-01 1.131649464368820190e-01 7.385742664337158203e-02 1.000000000000000000e+00
6.963962316513061523e-01 -7.544525712728500366e-02 1.051514595746994019e-01 1.000000000000000000e+00
7.116178274154663086e-01 -2.908554375171661377e-01 6.183214485645294189e-02 1.000000000000000000e+00
7.315987944602966309e-01 -4.840027391910552979e-01 2.399259619414806366e-02 1.000000000000000000e+00
-6.733687520027160645e-01 -4.781136214733123779e-01 -2.202281355857849121e-01 1.000000000000000000e+00
-6.199615597724914551e-01 -6.419511437416076660e-01 -4.032659530639648438e-01 1.000000000000000000e+00
-4.984924495220184326e-01 -6.717481017112731934e-01 -5.601286292076110840e-01 1.000000000000000000e+00
-3.549678921699523926e-01 -6.503215432167053223e-01 -6.503344178199768066e-01 1.000000000000000000e+00
-2.270637899637222290e-01 -6.031360030174255371e-01 -6.875982284545898438e-01 1.000000000000000000e+00
-2.702230587601661682e-02 -6.117793321609497070e-01 -7.206078767776489258e-01 1.000000000000000000e+00
1.021168157458305359e-01 -6.690922975540161133e-01 -7.265393733978271484e-01 1.000000000000000000e+00
2.645181417465209961e-01 -7.033123373985290527e-01 -6.831382513046264648e-01 1.000000000000000000e+00
4.282801747322082520e-01 -6.891863942146301270e-01 -5.668104887008666992e-01 1.000000000000000000e+00
5.433850884437561035e-01 -5.346869230270385742e-01 -4.115391373634338379e-01 1.000000000000000000e+00
-1.219284534454345703e-01 -4.404659569263458252e-01 -7.156289815902709961e-01 1.000000000000000000e+00
-1.266657561063766479e-01 -3.010899424552917480e-01 -7.875075340270996094e-01 1.000000000000000000e+00
-1.337949633598327637e-01 -1.927731782197952271e-01 -8.533177971839904785e-01 1.000000000000000000e+00
-1.369343250989913940e-01 -8.168864995241165161e-02 -9.036424160003662109e-01 1.000000000000000000e+00
-2.216746956110000610e-01 3.996052965521812439e-02 -6.708909273147583008e-01 1.000000000000000000e+00
-1.665851920843124390e-01 5.592522770166397095e-02 -7.085646986961364746e-01 1.000000000000000000e+00
-1.079157665371894836e-01 7.281357049942016602e-02 -7.368560433387756348e-01 1.000000000000000000e+00
-4.495580494403839111e-02 5.195081606507301331e-02 -7.286466360092163086e-01 1.000000000000000000e+00
1.741900481283664703e-02 3.101824223995208740e-02 -7.100396752357482910e-01 1.000000000000000000e+00
-5.520310401916503906e-01 -3.881376981735229492e-01 -4.186081886291503906e-01 1.000000000000000000e+00
-4.780660569667816162e-01 -4.314315021038055420e-01 -5.310971736907958984e-01 1.000000000000000000e+00
-3.849828243255615234e-01 -4.316694140434265137e-01 -5.530977249145507812e-01 1.000000000000000000e+00
-2.918784320354461670e-01 -3.886005282402038574e-01 -5.363917350769042969e-01 1.000000000000000000e+00
-3.748079836368560791e-01 -3.561329543590545654e-01 -5.327357053756713867e-01 1.000000000000000000e+00
-4.669623076915740967e-01 -3.469814062118530273e-01 -5.068172812461853027e-01 1.000000000000000000e+00
8.984792232513427734e-02 -4.032431244850158691e-01 -6.008765101432800293e-01 1.000000000000000000e+00
1.716556698083877563e-01 -4.522935152053833008e-01 -6.453893780708312988e-01 1.000000000000000000e+00
2.671258151531219482e-01 -4.611747860908508301e-01 -6.530991792678833008e-01 1.000000000000000000e+00
3.749154210090637207e-01 -4.265664815902709961e-01 -5.683996677398681641e-01 1.000000000000000000e+00
2.691712379455566406e-01 -3.770784735679626465e-01 -6.272764801979064941e-01 1.000000000000000000e+00
1.732128411531448364e-01 -3.780148625373840332e-01 -6.234683990478515625e-01 1.000000000000000000e+00
-2.828446626663208008e-01 3.225228786468505859e-01 -5.078653693199157715e-01 1.000000000000000000e+00
-2.358595430850982666e-01 2.626483440399169922e-01 -6.318998932838439941e-01 1.000000000000000000e+00
-1.531839817762374878e-01 2.343066930770874023e-01 -7.054402828216552734e-01 1.000000000000000000e+00
-9.744481742382049561e-02 2.379004806280136108e-01 -7.221812605857849121e-01 1.000000000000000000e+00
-3.881213441491127014e-02 2.299395352602005005e-01 -7.237908840179443359e-01 1.000000000000000000e+00
6.488732993602752686e-02 2.496437728404998779e-01 -6.776599287986755371e-01 1.000000000000000000e+00
1.615059822797775269e-01 2.938388288021087646e-01 -5.768853425979614258e-01 1.000000000000000000e+00
9.783475846052169800e-02 3.555196225643157959e-01 -6.230120062828063965e-01 1.000000000000000000e+00
5.655170534737408161e-04 3.890905380249023438e-01 -6.616883873939514160e-01 1.000000000000000000e+00
-6.516981124877929688e-02 4.014987647533416748e-01 -6.555526256561279297e-01 1.000000000000000000e+00
-1.318943649530410767e-01 3.980924785137176514e-01 -6.388848423957824707e-01 1.000000000000000000e+00
-2.198726236820220947e-01 3.781854510307312012e-01 -5.747028589248657227e-01 1.000000000000000000e+00
-2.768815457820892334e-01 3.223693072795867920e-01 -5.048660635948181152e-01 1.000000000000000000e+00
-1.405894309282302856e-01 2.913851737976074219e-01 -6.413899064064025879e-01 1.000000000000000000e+00
-8.468899130821228027e-02 2.903238832950592041e-01 -6.592910885810852051e-01 1.000000000000000000e+00
-2.575685083866119385e-02 2.873070836067199707e-01 -6.581640839576721191e-01 1.000000000000000000e+00
1.591358184814453125e-01 2.933418154716491699e-01 -5.765823125839233398e-01 1.000000000000000000e+00
-4.655036609619855881e-03 3.184872865676879883e-01 -6.444212794303894043e-01 1.000000000000000000e+00
-6.816362589597702026e-02 3.233691751956939697e-01 -6.378582715988159180e-01 1.000000000000000000e+00
-1.308494359254837036e-01 3.275739550590515137e-01 -6.239729523658752441e-01 1.000000000000000000e+00
