-7.081592082977294922e-01 -3.795342445373535156e-01
-7.003463506698608398e-01 -1.816575974225997925e-01
-6.629593372344970703e-01 5.418512955657206476e-05
-6.236677169799804688e-01 1.502966731786727905e-01
-5.673611760139465332e-01 3.122587502002716064e-01
-4.840211272239685059e-01 4.614264369010925293e-01
-3.565734326839447021e-01 5.995736718177795410e-01
-1.876228451728820801e-01 7.095371484756469727e-01
-1.924267038702964783e-02 7.373736500740051270e-01
1.579843014478683472e-01 6.929630637168884277e-01
3.343490660190582275e-01 5.910832285881042480e-01
4.773859679698944092e-01 4.536888301372528076e-01
5.803278684616088867e-01 2.875279188156127930e-01
6.484223604202270508e-01 9.291042387485504150e-02
6.870388984680175781e-01 -9.488447010517120361e-02
7.038426399230957031e-01 -2.920815348625183105e-01
7.176018357276916504e-01 -4.842697083950042725e-01
-6.737578511238098145e-01 -4.797348380088806152e-01
-6.211876273155212402e-01 -6.479983925819396973e-01
-5.014002919197082520e-01 -6.772716641426086426e-01
-3.576629757881164551e-01 -6.539289355278015137e-01
-2.288419455289840698e-01 -6.044570207595825195e-01
-2.643355913460254669e-02 -6.119453310966491699e-01
1.034985184669494629e-01 -6.712130308151245117e-01
2.665422260761260986e-01 -7.083319425582885742e-01
4.297221302986145020e-01 -6.941199898719787598e-01
5.438261032104492188e-01 -5.346455574035644531e-01
-1.218423470854759216e-01 -4.385370612144470215e-01
-1.268984675407409668e-01 -2.979885637760162354e-01
-1.340117156505584717e-01 -1.886081695556640625e-01
-1.369271129369735718e-01 -7.638361304998397827e-02
-2.206137925386428833e-01 4.714651405811309814e-02
-1.662782579660415649e-01 6.199676170945167542e-02
-1.079945787787437439e-01 7.849407196044921875e-02
-4.549496620893478394e-02 5.824927985668182373e-02
1.593387313187122345e-02 3.858083486557006836e-02
-5.534191131591796875e-01 -3.933056592941284180e-01
-4.815916121006011963e-01 -4.507703781127929688e-01
-3.849098384380340576e-01 -4.483305811882019043e-01
-2.917469143867492676e-01 -3.907669782638549805e-01
-3.732258379459381104e-01 -3.558870255947113037e-01
-4.658007621765136719e-01 -3.476122915744781494e-01
8.938287943601608276e-02 -4.055306017398834229e-01
1.689538061618804932e-01 -4.687602818012237549e-01
2.679039239883422852e-01 -4.806430041790008545e-01
3.759933710098266602e-01 -4.313144087791442871e-01
2.687680125236511230e-01 -3.774731159210205078e-01
1.722298562526702881e-01 -3.777609765529632568e-01
-2.818444371223449707e-01 3.280078768730163574e-01
-2.349310517311096191e-01 2.700718343257904053e-01
-1.540208309888839722e-01 2.399221062660217285e-01
-9.891158342361450195e-02 2.428112924098968506e-01
-4.097457975149154663e-02 2.359058558940887451e-01
6.031240522861480713e-02 2.583431601524353027e-01
1.534303575754165649e-01 3.048427104949951172e-01
9.098782390356063843e-02 3.635028898715972900e-01
-4.540210124105215073e-03 3.965519666671752930e-01
-6.915959715843200684e-02 4.078656435012817383e-01
-1.347790509462356567e-01 4.033952653408050537e-01
-2.213326990604400635e-01 3.809901773929595947e-01
-2.759172022342681885e-01 3.276453614234924316e-01
-1.413716226816177368e-01 2.993094623088836670e-01
-8.686275780200958252e-02 2.979713678359985352e-01
-2.927405573427677155e-02 2.958613038063049316e-01
1.510261297225952148e-01 3.042463958263397217e-01
-9.055221453309059143e-03 3.264545798301696777e-01
-7.173522561788558960e-02 3.308717012405395508e-01
-1.326662749052047729e-01 3.332903981208801270e-01
