-7.120215892791748047e-01 -4.201296269893646240e-01 2.598189413547515869e-01 1.000000000000000000e+00
-6.796952486038208008e-01 -2.285964190959930420e-01 2.942645549774169922e-01 1.000000000000000000e+00
-6.343184113502502441e-01 -1.474581472575664520e-02 3.209718763828277588e-01 0.000000000000000000e+00
-5.799616575241088867e-01 1.767083108425140381e-01 2.671999037265777588e-01 0.000000000000000000e+00
-5.247977972030639648e-01 3.611377477645874023e-01 1.453522592782974243e-01 0.000000000000000000e+00
-4.453871846199035645e-01 5.151873230934143066e-01 -3.865520656108856201e-02 1.000000000000000000e+00
-3.226228058338165283e-01 6.320551037788391113e-01 -1.747261881828308105e-01 1.000000000000000000e+00
-1.793731600046157837e-01 7.157648801803588867e-01 -3.337471485137939453e-01 1.000000000000000000e+00
2.249269746243953705e-03 7.433884739875793457e-01 -3.720967769622802734e-01 1.000000000000000000e+00
1.590647101402282715e-01 6.954022049903869629e-01 -3.832998573780059814e-01 1.000000000000000000e+00
3.284977376461029053e-01 5.987582206726074219e-01 -2.728704810142517090e-01 1.000000000000000000e+00
4.668833911418914795e-01 4.692753851413726807e-01 -1.800140738487243652e-01 1.000000000000000000e+00
5.754131674766540527e-01 3.059754073619842529e-01 -2.702506817877292633e-02 1.000000000000000000e+00
6.441187262535095215e-01 1.159766614437103271e-01 7.274518907070159912e-02 1.000000000000000000e+00
6.959491372108459473e-01 -7.356091588735580444e-02 1.038515269756317139e-01 1.000000000000000000e+00
7.116950154304504395e-01 -2.896051406860351562e-01 6.005360558629035950e-02 1.000000000000000000e+00
7.317984104156494141e-01 -4.830266535282135010e-01 2.197988703846931458e-02 1.000000000000000000e+00
-6.737578511238098145e-01 -4.797348380088806152e-01 -2.219588011503219604e-01 1.000000000000000000e+00
-6.211876273155212402e-01 -6.479983925819396973e-01 -4.035649299621582031e-01 1.000000000000000000e+00
-5.014002919197082520e-01 -6.772716641426086426e-01 -5.617678761482238770e-01 1.000000000000000000e+00
-3.576629757881164551e-01 -6.539289355278015137e-01 -6.527462601661682129e-01 1.000000000000000000e+00
-2.288419455289840698e-01 -6.044570207595825195e-01 -6.903718709945678711e-01 1.000000000000000000e+00
-2.643355913460254669e-02 -6.119453310966491699e-01 -7.235113382339477539e-01 1.000000000000000000e+00
1.034985184669494629e-01 -6.712130308151245117e-01 -7.301242947578430176e-01 1.000000000000000000e+00
2.665422260761260986e-01 -7.083319425582885742e-01 -6.854984760284423828e-01 1.000000000000000000e+00
4.297221302986145020e-01 -6.941199898719787598e-01 -5.676520466804504395e-01 1.000000000000000000e+00
5.438261032104492188e-01 -5.346455574035644531e-01 -4.131452739238739014e-01 1.000000000000000000e+00
-1.218423470854759216e-01 -4.385370612144470215e-01 -7.168884873390197754e-01 1.000000000000000000e+00
-1.268984675407409668e-01 -2.979885637760162354e-01 -7.892873287200927734e-01 1.000000000000000000e+00
-1.340117156505584717e-01 -1.886081695556640625e-01 -8.547353148460388184e-01 1.000000000000000000e+00
-1.369271129369735718e-01 -7.638361304998397827e-02 -9.043607115745544434e-01 1.000000000000000000e+00
-2.206137925386428833e-01 4.714651405811309814e-02 -6.727653145790100098e-01 1.000000000000000000e+00
-1.662782579660415649e-01 6.199676170945167542e-02 -7.100071310997009277e-01 1.000000000000000000e+00
-1.079945787787437439e-01 7.849407196044921875e-02 -7.384215593338012695e-01 1.000000000000000000e+00
-4.549496620893478394e-02 5.824927985668182373e-02 -7.296898961067199707e-01 1.000000000000000000e+00
1.593387313187122345e-02 3.858083486557006836e-02 -7.109826207160949707e-01 1.000000000000000000e+00
-5.534191131591796875e-01 -3.933056592941284180e-01 -4.189228117465972900e-01 1.000000000000000000e+00
-4.815916121006011963e-01 -4.507703781127929688e-01 -5.342743992805480957e-01 1.000000000000000000e+00
-3.849098384380340576e-01 -4.483305811882019043e-01 -5.582075715065002441e-01 1.000000000000000000e+00
-2.917469143867492676e-01 -3.907669782638549805e-01 -5.380076766014099121e-01 1.000000000000000000e+00
-3.732258379459381104e-01 -3.558870255947113037e-01 -5.327085852622985840e-01 1.000000000000000000e+00
-4.658007621765136719e-01 -3.476122915744781494e-01 -5.063611865043640137e-01 1.000000000000000000e+00
8.938287943601608276e-02 -4.055306017398834229e-01 -6.024734973907470703e-01 1.000000000000000000e+00
1.689538061618804932e-01 -4.687602818012237549e-01 -6.501041054725646973e-01 1.000000000000000000e+00
2.679039239883422852e-01 -4.806430041790008545e-01 -6.575999855995178223e-01 1.000000000000000000e+00
3.759933710098266602e-01 -4.313144087791442871e-01 -5.690067410469055176e-01 1.000000000000000000e+00
2.687680125236511230e-01 -3.774731159210205078e-01 -6.268098950386047363e-01 1.000000000000000000e+00
1.722298562526702881e-01 -3.777609765529632568e-01 -6.236957907676696777e-01 1.000000000000000000e+00
-2.818444371223449707e-01 3.280078768730163574e-01 -5.192427039146423340e-01 1.000000000000000000e+00
-2.349310517311096191e-01 2.700718343257904053e-01 -6.412505507469177246e-01 1.000000000000000000e+00
-1.540208309888839722e-01 2.399221062660217285e-01 -7.125840187072753906e-01 1.000000000000000000e+00
-9.891158342361450195e-02 2.428112924098968506e-01 -7.292957305908203125e-01 1.000000000000000000e+00
-4.097457975149154663e-02 2.359058558940887451e-01 -7.308599352836608887e-01 1.000000000000000000e+00
6.031240522861480713e-02 2.583431601524353027e-01 -6.863505244255065918e-01 1.000000000000000000e+00
1.534303575754165649e-01 3.048427104949951172e-01 -5.864486098289489746e-01 1.000000000000000000e+00
9.098782390356063843e-02 3.635028898715972900e-01 -6.306012272834777832e-01 1.000000000000000000e+00
-4.540210124105215073e-03 3.965519666671752930e-01 -6.674183607101440430e-01 1.000000000000000000e+00
-6.915959715843200684e-02 4.078656435012817383e-01 -6.617606282234191895e-01 1.000000000000000000e+00
-1.347790509462356567e-01 4.033952653408050537e-01 -6.462877988815307617e-01 1.000000000000000000e+00
-2.213326990604400635e-01 3.809901773929595947e-01 -5.847707986831665039e-01 1.000000000000000000e+00
-2.759172022342681885e-01 3.276453614234924316e-01 -5.163652896881103516e-01 1.000000000000000000e+00
-1.413716226816177368e-01 2.993094623088836670e-01 -6.513234376907348633e-01 1.000000000000000000e+00
-8.686275780200958252e-02 2.979713678359985352e-01 -6.689971685409545898e-01 1.000000000000000000e+00
-2.927405573427677155e-02 2.958613038063049316e-01 -6.672357916831970215e-01 1.000000000000000000e+00
1.510261297225952148e-01 3.042463958263397217e-01 -5.860746502876281738e-01 1.000000000000000000e+00
-9.055221453309059143e-03 3.264545798301696777e-01 -6.537890434265136719e-01 1.000000000000000000e+00
-7.173522561788558960e-02 3.308717012405395508e-01 -6.472557187080383301e-01 1.000000000000000000e+00
-1.326662749052047729e-01 3.332903981208801270e-01 -6.342561244964599609e-01 1.000000000000000000e+00
