-7.119638323783874512e-01 -4.202482700347900391e-01 2.587912678718566895e-01 1.000000000000000000e+00
-6.796784400939941406e-01 -2.288712114095687866e-01 2.932717800140380859e-01 1.000000000000000000e+00
-6.344923973083496094e-01 -1.521890331059694290e-02 3.200179040431976318e-01 0.000000000000000000e+00
-5.806615352630615234e-01 1.761829257011413574e-01 2.667393982410430908e-01 0.000000000000000000e+00
-5.255807042121887207e-01 3.608849048614501953e-01 1.458905786275863647e-01 0.000000000000000000e+00
-4.461837112903594971e-01 5.161264538764953613e-01 -3.648960217833518982e-02 1.000000000000000000e+00
-3.238533139228820801e-01 6.354389786720275879e-01 -1.702914983034133911e-01 1.000000000000000000e+00
-1.799804717302322388e-01 7.215122580528259277e-01 -3.270232379436492920e-01 1.000000000000000000e+00
2.323977882042527199e-03 7.506124377250671387e-01 -3.642105162143707275e-01 1.000000000000000000e+00
1.598662734031677246e-01 7.025697827339172363e-01 -3.755567967891693115e-01 1.000000000000000000e+00
3.293850719928741455e-01 6.045329570770263672e-01 -2.669662833213806152e-01 1.000000000000000000e+00
4.672320485115051270e-01 4.726849198341369629e-01 -1.762177348136901855e-01 1.000000000000000000e+00
5.757480859756469727e-01 3.077766597270965576e-01 -2.514192089438438416e-02 1.000000000000000000e+00
6.443479061126708984e-01 1.169621422886848450e-01 7.336054742336273193e-02 1.000000000000000000e+00
6.960099935531616211e-01 -7.283852249383926392e-02 1.038811877369880676e-01 1.000000000000000000e+00
7.118778824806213379e-01 -2.891128957271575928e-01 5.966673791408538818e-02 1.000000000000000000e+00
7.319704294204711914e-01 -4.825837016105651855e-01 2.138738334178924561e-02 1.000000000000000000e+00
-6.736570000648498535e-01 -4.800813794136047363e-01 -2.224850505590438843e-01 1.000000000000000000e+00
-6.214433908462524414e-01 -6.487616300582885742e-01 -4.037143290042877197e-01 1.000000000000000000e+00
-5.017580389976501465e-01 -6.780190467834472656e-01 -5.621711611747741699e-01 1.000000000000000000e+00
-3.581396341323852539e-01 -6.547932028770446777e-01 -6.531621813774108887e-01 1.000000000000000000e+00
-2.290288060903549194e-01 -6.049194335937500000e-01 -6.908167600631713867e-01 1.000000000000000000e+00
-2.625324390828609467e-02 -6.122297644615173340e-01 -7.239207625389099121e-01 1.000000000000000000e+00
1.039427146315574646e-01 -6.715986728668212891e-01 -7.306472063064575195e-01 1.000000000000000000e+00
2.670667469501495361e-01 -7.089945673942565918e-01 -6.858196258544921875e-01 1.000000000000000000e+00
4.303862750530242920e-01 -6.950302124023437500e-01 -5.674297213554382324e-01 1.000000000000000000e+00
5.439878702163696289e-01 -5.348520874977111816e-01 -4.131707549095153809e-01 1.000000000000000000e+00
-1.218202337622642517e-01 -4.383140206336975098e-01 -7.171051502227783203e-01 1.000000000000000000e+00
-1.270455271005630493e-01 -2.975951433181762695e-01 -7.896645665168762207e-01 1.000000000000000000e+00
-1.341324895620346069e-01 -1.876281499862670898e-01 -8.549726009368896484e-01 1.000000000000000000e+00
-1.369322240352630615e-01 -7.499865442514419556e-02 -9.041655659675598145e-01 1.000000000000000000e+00
-2.201574742794036865e-01 4.958923906087875366e-02 -6.728672981262207031e-01 1.000000000000000000e+00
-1.659655272960662842e-01 6.406360119581222534e-02 -7.098259925842285156e-01 1.000000000000000000e+00
-1.078625097870826721e-01 8.039160817861557007e-02 -7.380716800689697266e-01 1.000000000000000000e+00
-4.560712352395057678e-02 6.036625057458877563e-02 -7.293810844421386719e-01 1.000000000000000000e+00
1.554937195032835007e-02 4.103226587176322937e-02 -7.107693552970886230e-01 1.000000000000000000e+00
-5.536762475967407227e-01 -3.938845992088317871e-01 -4.188998341560363770e-01 1.000000000000000000e+00
-4.820313751697540283e-01 -4.531345367431640625e-01 -5.346158742904663086e-01 1.000000000000000000e+00
-3.849508464336395264e-01 -4.504289925098419189e-01 -5.587338209152221680e-01 1.000000000000000000e+00
-2.916997969150543213e-01 -3.912019729614257812e-01 -5.383052229881286621e-01 1.000000000000000000e+00
-3.732538223266601562e-01 -3.559333086013793945e-01 -5.328289866447448730e-01 1.000000000000000000e+00
-4.656377732753753662e-01 -3.477205634117126465e-01 -5.063838362693786621e-01 1.000000000000000000e+00
8.931409567594528198e-02 -4.060210287570953369e-01 -6.025887131690979004e-01 1.000000000000000000e+00
1.688110977411270142e-01 -4.706975519657135010e-01 -6.503280401229858398e-01 1.000000000000000000e+00
2.680824100971221924e-01 -4.828605055809020996e-01 -6.579182147979736328e-01 1.000000000000000000e+00
3.762192726135253906e-01 -4.318916201591491699e-01 -5.690182447433471680e-01 1.000000000000000000e+00
2.687470316886901855e-01 -3.776428997516632080e-01 -6.268259882926940918e-01 1.000000000000000000e+00
1.724047362804412842e-01 -3.778528273105621338e-01 -6.238349080085754395e-01 1.000000000000000000e+00
-2.806132733821868896e-01 3.339540064334869385e-01 -5.161935091018676758e-01 1.000000000000000000e+00
-2.341708689928054810e-01 2.744946479797363281e-01 -6.404570937156677246e-01 1.000000000000000000e+00
-1.536663472652435303e-01 2.436762899160385132e-01 -7.124331593513488770e-01 1.000000000000000000e+00
-9.882088005542755127e-02 2.461895495653152466e-01 -7.291721105575561523e-01 1.000000000000000000e+00
-4.101051390171051025e-02 2.397275865077972412e-01 -7.306210994720458984e-01 1.000000000000000000e+00
6.059792637825012207e-02 2.631500661373138428e-01 -6.852403879165649414e-01 1.000000000000000000e+00
1.550654917955398560e-01 3.119138777256011963e-01 -5.825929641723632812e-01 1.000000000000000000e+00
9.356471151113510132e-02 3.725423812866210938e-01 -6.259020566940307617e-01 1.000000000000000000e+00
-1.842105062678456306e-03 4.059094488620758057e-01 -6.622073650360107422e-01 1.000000000000000000e+00
-6.659273058176040649e-02 4.171302616596221924e-01 -6.568688750267028809e-01 1.000000000000000000e+00
-1.324321627616882324e-01 4.122430086135864258e-01 -6.417206525802612305e-01 1.000000000000000000e+00
-2.194232791662216187e-01 3.889848887920379639e-01 -5.810342431068420410e-01 1.000000000000000000e+00
-2.745485901832580566e-01 3.337135016918182373e-01 -5.132039189338684082e-01 1.000000000000000000e+00
-1.408015936613082886e-01 3.032714426517486572e-01 -6.504310369491577148e-01 1.000000000000000000e+00
-8.663479238748550415e-02 3.017643392086029053e-01 -6.683725118637084961e-01 1.000000000000000000e+00
-2.920928783714771271e-02 2.999736964702606201e-01 -6.660742163658142090e-01 1.000000000000000000e+00
1.526079773902893066e-01 3.112834393978118896e-01 -5.822375416755676270e-01 1.000000000000000000e+00
-6.227333098649978638e-03 3.365212082862854004e-01 -6.488629579544067383e-01 1.000000000000000000e+00
-6.879637390375137329e-02 3.407667279243469238e-01 -6.423215866088867188e-01 1.000000000000000000e+00
-1.296408325433731079e-01 3.427605628967285156e-01 -6.297623515129089355e-01 1.000000000000000000e+00
