-7.079545259475708008e-01 -3.796239495277404785e-01
-7.001382708549499512e-01 -1.814967244863510132e-01
-6.630060076713562012e-01 4.371918330434709787e-04
-6.239339113235473633e-01 1.503265202045440674e-01
-5.673679113388061523e-01 3.122412562370300293e-01
-4.842255115509033203e-01 4.620600044727325439e-01
-3.574392795562744141e-01 6.026265621185302734e-01
-1.880196332931518555e-01 7.154515385627746582e-01
-1.899677328765392303e-02 7.451217770576477051e-01
1.588133275508880615e-01 7.002528905868530273e-01
3.352494835853576660e-01 5.968048572540283203e-01
4.776788353919982910e-01 4.569387435913085938e-01
5.807164907455444336e-01 2.894183695316314697e-01
6.487496495246887207e-01 9.406406432390213013e-02
6.874558925628662109e-01 -9.398265182971954346e-02
7.041062712669372559e-01 -2.914706766605377197e-01
7.178387045860290527e-01 -4.837671220302581787e-01
-6.736570000648498535e-01 -4.800813794136047363e-01
-6.214433908462524414e-01 -6.487616300582885742e-01
-5.017580389976501465e-01 -6.780190467834472656e-01
-3.581396341323852539e-01 -6.547932028770446777e-01
-2.290288060903549194e-01 -6.049194335937500000e-01
-2.625324390828609467e-02 -6.122297644615173340e-01
1.039427146315574646e-01 -6.715986728668212891e-01
2.670667469501495361e-01 -7.089945673942565918e-01
4.303862750530242920e-01 -6.950302124023437500e-01
5.439878702163696289e-01 -5.348520874977111816e-01
-1.218202337622642517e-01 -4.383140206336975098e-01
-1.270455271005630493e-01 -2.975951433181762695e-01
-1.341324895620346069e-01 -1.876281499862670898e-01
-1.369322240352630615e-01 -7.499865442514419556e-02
-2.201574742794036865e-01 4.958923906087875366e-02
-1.659655272960662842e-01 6.406360119581222534e-02
-1.078625097870826721e-01 8.039160817861557007e-02
-4.560712352395057678e-02 6.036625057458877563e-02
1.554937195032835007e-02 4.103226587176322937e-02
-5.536762475967407227e-01 -3.938845992088317871e-01
-4.820313751697540283e-01 -4.531345367431640625e-01
-3.849508464336395264e-01 -4.504289925098419189e-01
-2.916997969150543213e-01 -3.912019729614257812e-01
-3.732538223266601562e-01 -3.559333086013793945e-01
-4.656377732753753662e-01 -3.477205634117126465e-01
8.931409567594528198e-02 -4.060210287570953369e-01
1.688110977411270142e-01 -4.706975519657135010e-01
2.680824100971221924e-01 -4.828605055809020996e-01
3.762192726135253906e-01 -4.318916201591491699e-01
2.687470316886901855e-01 -3.776428997516632080e-01
1.724047362804412842e-01 -3.778528273105621338e-01
-2.806132733821868896e-01 3.339540064334869385e-01
-2.341708689928054810e-01 2.744946479797363281e-01
-1.536663472652435303e-01 2.436762899160385132e-01
-9.882088005542755127e-02 2.461895495653152466e-01
-4.101051390171051025e-02 2.397275865077972412e-01
6.059792637825012207e-02 2.631500661373138428e-01
1.550654917955398560e-01 3.119138777256011963e-01
9.356471151113510132e-02 3.725423812866210938e-01
-1.842105062678456306e-03 4.059094488620758057e-01
-6.659273058176040649e-02 4.171302616596221924e-01
-1.324321627616882324e-01 4.122430086135864258e-01
-2.194232791662216187e-01 3.889848887920379639e-01
-2.745485901832580566e-01 3.337135016918182373e-01
-1.408015936613082886e-01 3.032714426517486572e-01
-8.663479238748550415e-02 3.017643392086029053e-01
-2.920928783714771271e-02 2.999736964702606201e-01
1.526079773902893066e-01 3.112834393978118896e-01
-6.227333098649978638e-03 3.365212082862854004e-01
-6.879637390375137329e-02 3.407667279243469238e-01
-1.296408325433731079e-01 3.427605628967285156e-01
