-7.396872043609619141e-01 -3.551298677921295166e-01 2.278500795364379883e-01 1.000000000000000000e+00
-7.181323766708374023e-01 -1.623489409685134888e-01 2.551269233226776123e-01 1.000000000000000000e+00
-6.922124028205871582e-01 5.511325970292091370e-02 2.707901597023010254e-01 1.000000000000000000e+00
-6.594887971878051758e-01 2.437121868133544922e-01 2.149070352315902710e-01 1.000000000000000000e+00
-5.776631832122802734e-01 4.131847023963928223e-01 9.026266634464263916e-02 1.000000000000000000e+00
-4.639810025691986084e-01 5.561447143554687500e-01 -9.356726706027984619e-02 1.000000000000000000e+00
-3.095786273479461670e-01 6.655712723731994629e-01 -2.171721607446670532e-01 1.000000000000000000e+00
-1.289935261011123657e-01 7.284882068634033203e-01 -3.494321703910827637e-01 1.000000000000000000e+00
6.117337197065353394e-02 7.586811780929565430e-01 -3.611746728420257568e-01 1.000000000000000000e+00
2.200304269790649414e-01 7.099649310111999512e-01 -3.384408354759216309e-01 1.000000000000000000e+00
3.849266171455383301e-01 6.372299194335937500e-01 -2.010316103696823120e-01 1.000000000000000000e+00
5.147070288658142090e-01 5.153390169143676758e-01 -7.364922016859054565e-02 1.000000000000000000e+00
6.059613227844238281e-01 3.683973848819732666e-01 1.118588969111442566e-01 1.000000000000000000e+00
6.644314527511596680e-01 1.949002444744110107e-01 2.382961511611938477e-01 0.000000000000000000e+00
6.819444894790649414e-01 1.019830070436000824e-02 2.882311940193176270e-01 1.000000000000000000e+00
6.981600522994995117e-01 -2.065730243921279907e-01 2.615907490253448486e-01 1.000000000000000000e+00
7.159757614135742188e-01 -4.001850187778472900e-01 2.365761101245880127e-01 1.000000000000000000e+00
-6.086564064025878906e-01 -4.425253272056579590e-01 -2.226708978414535522e-01 1.000000000000000000e+00
-5.162799358367919922e-01 -6.105573177337646484e-01 -3.735317289829254150e-01 1.000000000000000000e+00
-3.730710148811340332e-01 -6.433861255645751953e-01 -5.037472248077392578e-01 1.000000000000000000e+00
-2.214531749486923218e-01 -6.241068840026855469e-01 -5.671391487121582031e-01 1.000000000000000000e+00
-9.322036057710647583e-02 -5.779788494110107422e-01 -5.800257325172424316e-01 1.000000000000000000e+00
9.826926887035369873e-02 -5.835015177726745605e-01 -5.799951553344726562e-01 1.000000000000000000e+00
2.231361418962478638e-01 -6.368106007575988770e-01 -5.689641237258911133e-01 1.000000000000000000e+00
3.710212707519531250e-01 -6.649306416511535645e-01 -5.017877817153930664e-01 1.000000000000000000e+00
5.095427036285400391e-01 -6.425291895866394043e-01 -3.639070689678192139e-01 1.000000000000000000e+00
6.029518842697143555e-01 -4.812894761562347412e-01 -2.115956693887710571e-01 1.000000000000000000e+00
8.221858181059360504e-03 -4.159794449806213379e-01 -5.846553444862365723e-01 1.000000000000000000e+00
1.418532151728868484e-02 -2.865695059299468994e-01 -6.611127257347106934e-01 1.000000000000000000e+00
1.746098510921001434e-02 -1.911578923463821411e-01 -7.318019270896911621e-01 1.000000000000000000e+00
2.183097042143344879e-02 -9.146507084369659424e-02 -7.850708365440368652e-01 1.000000000000000000e+00
-1.024784371256828308e-01 3.568477928638458252e-02 -5.972649455070495605e-01 1.000000000000000000e+00
-4.080534353852272034e-02 4.835491627454757690e-02 -6.233890652656555176e-01 1.000000000000000000e+00
1.893622800707817078e-02 6.332100927829742432e-02 -6.426246762275695801e-01 1.000000000000000000e+00
7.769200950860977173e-02 4.604431241750717163e-02 -6.241309046745300293e-01 1.000000000000000000e+00
1.364661455154418945e-01 3.074919246137142181e-02 -5.970422625541687012e-01 1.000000000000000000e+00
-4.482143223285675049e-01 -3.655065894126892090e-01 -4.022369682788848877e-01 1.000000000000000000e+00
-3.603005707263946533e-01 -4.176532328128814697e-01 -5.004078745841979980e-01 1.000000000000000000e+00
-2.642166614532470703e-01 -4.158936440944671631e-01 -5.065960884094238281e-01 1.000000000000000000e+00
-1.763266324996948242e-01 -3.671612441539764404e-01 -4.709476232528686523e-01 1.000000000000000000e+00
-2.578808367252349854e-01 -3.370508551597595215e-01 -4.844638407230377197e-01 1.000000000000000000e+00
-3.500515818595886230e-01 -3.295095264911651611e-01 -4.747736155986785889e-01 1.000000000000000000e+00
1.851537227630615234e-01 -3.773348331451416016e-01 -4.760048389434814453e-01 1.000000000000000000e+00
2.716285884380340576e-01 -4.296361804008483887e-01 -5.091024041175842285e-01 1.000000000000000000e+00
3.671946823596954346e-01 -4.376882910728454590e-01 -5.013588070869445801e-01 1.000000000000000000e+00
4.546938240528106689e-01 -3.908756971359252930e-01 -3.991507291793823242e-01 1.000000000000000000e+00
3.609702289104461670e-01 -3.491010069847106934e-01 -4.755118191242218018e-01 1.000000000000000000e+00
2.690951824188232422e-01 -3.516037762165069580e-01 -4.874345362186431885e-01 1.000000000000000000e+00
-1.909582912921905518e-01 3.271875977516174316e-01 -5.017334222793579102e-01 1.000000000000000000e+00
-1.247465685009956360e-01 2.587549388408660889e-01 -6.050646901130676270e-01 1.000000000000000000e+00
-3.159315139055252075e-02 2.249230891466140747e-01 -6.577658057212829590e-01 1.000000000000000000e+00
2.563172951340675354e-02 2.278346419334411621e-01 -6.655018925666809082e-01 1.000000000000000000e+00
8.324262499809265137e-02 2.224637120962142944e-01 -6.575040817260742188e-01 1.000000000000000000e+00
1.768085062503814697e-01 2.517964541912078857e-01 -6.006625294685363770e-01 1.000000000000000000e+00
2.515408396720886230e-01 3.110733628273010254e-01 -4.972257614135742188e-01 1.000000000000000000e+00
1.927601248025894165e-01 3.648194670677185059e-01 -5.526543855667114258e-01 1.000000000000000000e+00
1.057823821902275085e-01 3.924452364444732666e-01 -6.069168448448181152e-01 1.000000000000000000e+00
4.228930175304412842e-02 4.021527469158172607e-01 -6.129174232482910156e-01 1.000000000000000000e+00
-2.415253408253192902e-02 3.969929218292236328e-01 -6.065261960029602051e-01 1.000000000000000000e+00
-1.186051741242408752e-01 3.777470588684082031e-01 -5.589336156845092773e-01 1.000000000000000000e+00
-1.850456595420837402e-01 3.271149396896362305e-01 -4.982733428478240967e-01 1.000000000000000000e+00
-3.010222502052783966e-02 2.881936430931091309e-01 -6.040599942207336426e-01 1.000000000000000000e+00
2.711792662739753723e-02 2.864780426025390625e-01 -6.116699576377868652e-01 1.000000000000000000e+00
8.413002640008926392e-02 2.879894673824310303e-01 -6.011306643486022949e-01 1.000000000000000000e+00
2.490502446889877319e-01 3.104899227619171143e-01 -4.972618818283081055e-01 1.000000000000000000e+00
1.000765338540077209e-01 3.270727396011352539e-01 -5.884470939636230469e-01 1.000000000000000000e+00
3.869969397783279419e-02 3.301925957202911377e-01 -5.925291776657104492e-01 1.000000000000000000e+00
-2.331886067986488342e-02 3.319690227508544922e-01 -5.897453427314758301e-01 1.000000000000000000e+00
