-7.304123640060424805e-01 -3.543083965778350830e-01
-7.075170874595642090e-01 -1.603952497243881226e-01
-6.902914047241210938e-01 2.584210596978664398e-02
-6.557399034500122070e-01 2.058549374341964722e-01
-5.794597864151000977e-01 3.718179762363433838e-01
-4.804290235042572021e-01 5.249283909797668457e-01
-3.262439668178558350e-01 6.493215560913085938e-01
-1.314616501331329346e-01 7.246323823928833008e-01
4.918056353926658630e-02 7.484042644500732422e-01
2.227295935153961182e-01 7.059241533279418945e-01
4.057325422763824463e-01 6.163249015808105469e-01
5.309197306632995605e-01 4.784200787544250488e-01
6.111065149307250977e-01 3.229188621044158936e-01
6.653606295585632324e-01 1.563098430633544922e-01
6.846002340316772461e-01 -2.065008319914340973e-02
6.929287314414978027e-01 -2.038943469524383545e-01
7.081109285354614258e-01 -3.953717052936553955e-01
-6.086564064025878906e-01 -4.425253272056579590e-01
-5.162799358367919922e-01 -6.105573177337646484e-01
-3.730710148811340332e-01 -6.433861255645751953e-01
-2.214531749486923218e-01 -6.241068840026855469e-01
-9.322036057710647583e-02 -5.779788494110107422e-01
9.826926887035369873e-02 -5.835015177726745605e-01
2.231361418962478638e-01 -6.368106007575988770e-01
3.710212707519531250e-01 -6.649306416511535645e-01
5.095427036285400391e-01 -6.425291895866394043e-01
6.029518842697143555e-01 -4.812894761562347412e-01
8.221858181059360504e-03 -4.159794449806213379e-01
1.418532151728868484e-02 -2.865695059299468994e-01
1.746098510921001434e-02 -1.911578923463821411e-01
2.183097042143344879e-02 -9.146507084369659424e-02
-1.024784371256828308e-01 3.568477928638458252e-02
-4.080534353852272034e-02 4.835491627454757690e-02
1.893622800707817078e-02 6.332100927829742432e-02
7.769200950860977173e-02 4.604431241750717163e-02
1.364661455154418945e-01 3.074919246137142181e-02
-4.482143223285675049e-01 -3.655065894126892090e-01
-3.603005707263946533e-01 -4.176532328128814697e-01
-2.642166614532470703e-01 -4.158936440944671631e-01
-1.763266324996948242e-01 -3.671612441539764404e-01
-2.578808367252349854e-01 -3.370508551597595215e-01
-3.500515818595886230e-01 -3.295095264911651611e-01
1.851537227630615234e-01 -3.773348331451416016e-01
2.716285884380340576e-01 -4.296361804008483887e-01
3.671946823596954346e-01 -4.376882910728454590e-01
4.546938240528106689e-01 -3.908756971359252930e-01
3.609702289104461670e-01 -3.491010069847106934e-01
2.690951824188232422e-01 -3.516037762165069580e-01
-1.909582912921905518e-01 3.271875977516174316e-01
-1.247465685009956360e-01 2.587549388408660889e-01
-3.159315139055252075e-02 2.249230891466140747e-01
2.563172951340675354e-02 2.278346419334411621e-01
8.324262499809265137e-02 2.224637120962142944e-01
1.768085062503814697e-01 2.517964541912078857e-01
2.515408396720886230e-01 3.110733628273010254e-01
1.927601248025894165e-01 3.648194670677185059e-01
1.057823821902275085e-01 3.924452364444732666e-01
4.228930175304412842e-02 4.021527469158172607e-01
-2.415253408253192902e-02 3.969929218292236328e-01
-1.186051741242408752e-01 3.777470588684082031e-01
-1.850456595420837402e-01 3.271149396896362305e-01
-3.010222502052783966e-02 2.881936430931091309e-01
2.711792662739753723e-02 2.864780426025390625e-01
8.413002640008926392e-02 2.879894673824310303e-01
2.490502446889877319e-01 3.104899227619171143e-01
1.000765338540077209e-01 3.270727396011352539e-01
3.869969397783279419e-02 3.301925957202911377e-01
-2.331886067986488342e-02 3.319690227508544922e-01
