-7.391822934150695801e-01 -3.558941483497619629e-01 2.261051088571548462e-01 1.000000000000000000e+00
-7.178043127059936523e-01 -1.634517908096313477e-01 2.533369958400726318e-01 1.000000000000000000e+00
-6.924349665641784668e-01 5.339326709508895874e-02 2.688285410404205322e-01 1.000000000000000000e+00
-6.610599160194396973e-01 2.415795475244522095e-01 2.129559963941574097e-01 1.000000000000000000e+00
-5.803661942481994629e-01 4.112549722194671631e-01 8.860613405704498291e-02 1.000000000000000000e+00
-4.680402576923370361e-01 5.549647808074951172e-01 -9.486450254917144775e-02 1.000000000000000000e+00
-3.156351745128631592e-01 6.670649051666259766e-01 -2.168032824993133545e-01 1.000000000000000000e+00
-1.362869441509246826e-01 7.338935732841491699e-01 -3.467629551887512207e-01 1.000000000000000000e+00
5.401666089892387390e-02 7.673105001449584961e-01 -3.568692803382873535e-01 1.000000000000000000e+00
2.143433541059494019e-01 7.195723652839660645e-01 -3.338339626789093018e-01 1.000000000000000000e+00
3.806905746459960938e-01 6.459159851074218750e-01 -1.977783590555191040e-01 1.000000000000000000e+00
5.118291378021240234e-01 5.217979550361633301e-01 -7.186114042997360229e-02 1.000000000000000000e+00
6.046313643455505371e-01 3.726759254932403564e-01 1.127087399363517761e-01 1.000000000000000000e+00
6.638126969337463379e-01 1.975110620260238647e-01 2.384085506200790405e-01 0.000000000000000000e+00
6.818493604660034180e-01 1.192314922809600830e-02 2.879076600074768066e-01 1.000000000000000000e+00
6.985681653022766113e-01 -2.054934799671173096e-01 2.607917189598083496e-01 1.000000000000000000e+00
7.165332436561584473e-01 -3.993493914604187012e-01 2.355252951383590698e-01 1.000000000000000000e+00
-6.083871722221374512e-01 -4.434897899627685547e-01 -2.236219197511672974e-01 1.000000000000000000e+00
-5.166926980018615723e-01 -6.128913164138793945e-01 -3.738058507442474365e-01 1.000000000000000000e+00
-3.740958273410797119e-01 -6.458364725112915039e-01 -5.047377943992614746e-01 1.000000000000000000e+00
-2.225177735090255737e-01 -6.263138055801391602e-01 -5.684458613395690918e-01 1.000000000000000000e+00
-9.380128979682922363e-02 -5.791481137275695801e-01 -5.813620090484619141e-01 1.000000000000000000e+00
9.883996844291687012e-02 -5.842877030372619629e-01 -5.812652111053466797e-01 1.000000000000000000e+00
2.242719382047653198e-01 -6.384193301200866699e-01 -5.705281496047973633e-01 1.000000000000000000e+00
3.722546696662902832e-01 -6.672511696815490723e-01 -5.025826692581176758e-01 1.000000000000000000e+00
5.104852318763732910e-01 -6.445558071136474609e-01 -3.638791739940643311e-01 1.000000000000000000e+00
6.033955216407775879e-01 -4.813346266746520996e-01 -2.121233046054840088e-01 1.000000000000000000e+00
8.320349268615245819e-03 -4.152777194976806641e-01 -5.852656364440917969e-01 1.000000000000000000e+00
1.408771984279155731e-02 -2.852346897125244141e-01 -6.620450615882873535e-01 1.000000000000000000e+00
1.731545291841030121e-02 -1.889196485280990601e-01 -7.325831651687622070e-01 1.000000000000000000e+00
2.174816280603408813e-02 -8.849236369132995605e-02 -7.853599786758422852e-01 1.000000000000000000e+00
-1.020557582378387451e-01 4.013045132160186768e-02 -5.979794263839721680e-01 1.000000000000000000e+00
-4.063545539975166321e-02 5.211355537176132202e-02 -6.237152218818664551e-01 1.000000000000000000e+00
1.899166963994503021e-02 6.684529781341552734e-02 -6.429081559181213379e-01 1.000000000000000000e+00
7.749126851558685303e-02 4.991648346185684204e-02 -6.243419051170349121e-01 1.000000000000000000e+00
1.358931064605712891e-01 3.535575047135353088e-02 -5.974823832511901855e-01 1.000000000000000000e+00
-4.490080773830413818e-01 -3.678178489208221436e-01 -4.021662175655364990e-01 1.000000000000000000e+00
-3.616783320903778076e-01 -4.264241158962249756e-01 -5.012874603271484375e-01 1.000000000000000000e+00
-2.639236450195312500e-01 -4.235177636146545410e-01 -5.081227421760559082e-01 1.000000000000000000e+00
-1.762407720088958740e-01 -3.683033287525177002e-01 -4.715278446674346924e-01 1.000000000000000000e+00
-2.575143873691558838e-01 -3.369752466678619385e-01 -4.843807816505432129e-01 1.000000000000000000e+00
-3.497146368026733398e-01 -3.298042416572570801e-01 -4.744416773319244385e-01 1.000000000000000000e+00
1.851312965154647827e-01 -3.784045875072479248e-01 -4.765914082527160645e-01 1.000000000000000000e+00
2.709743380546569824e-01 -4.374890625476837158e-01 -5.107004046440124512e-01 1.000000000000000000e+00
3.681482374668121338e-01 -4.469177126884460449e-01 -5.025426149368286133e-01 1.000000000000000000e+00
4.554480016231536865e-01 -3.929836452007293701e-01 -3.990813195705413818e-01 1.000000000000000000e+00
3.608077168464660645e-01 -3.491209447383880615e-01 -4.753216505050659180e-01 1.000000000000000000e+00
2.689333856105804443e-01 -3.513420820236206055e-01 -4.876166284084320068e-01 1.000000000000000000e+00
-1.905538290739059448e-01 3.317982256412506104e-01 -5.018759369850158691e-01 1.000000000000000000e+00
-1.239429712295532227e-01 2.641084790229797363e-01 -6.066547036170959473e-01 1.000000000000000000e+00
-3.146843984723091125e-02 2.296788990497589111e-01 -6.595628261566162109e-01 1.000000000000000000e+00
2.554760128259658813e-02 2.320629656314849854e-01 -6.674029827117919922e-01 1.000000000000000000e+00
8.296236395835876465e-02 2.274264097213745117e-01 -6.593931317329406738e-01 1.000000000000000000e+00
1.759590059518814087e-01 2.581201195716857910e-01 -6.022490859031677246e-01 1.000000000000000000e+00
2.499561309814453125e-01 3.197606801986694336e-01 -4.963324964046478271e-01 1.000000000000000000e+00
1.914865225553512573e-01 3.752182424068450928e-01 -5.504702925682067871e-01 1.000000000000000000e+00
1.049727052450180054e-01 4.031098783016204834e-01 -6.043651103973388672e-01 1.000000000000000000e+00
4.167481139302253723e-02 4.120668470859527588e-01 -6.109570860862731934e-01 1.000000000000000000e+00
-2.452529780566692352e-02 4.058871567249298096e-01 -6.051632761955261230e-01 1.000000000000000000e+00
-1.187722906470298767e-01 3.842760026454925537e-01 -5.586060285568237305e-01 1.000000000000000000e+00
-1.846351623535156250e-01 3.318642079830169678e-01 -4.984013736248016357e-01 1.000000000000000000e+00
-2.982384152710437775e-02 2.936593890190124512e-01 -6.060062646865844727e-01 1.000000000000000000e+00
2.687771804630756378e-02 2.916941046714782715e-01 -6.138498783111572266e-01 1.000000000000000000e+00
8.340267091989517212e-02 2.938503324985504150e-01 -6.028121113777160645e-01 1.000000000000000000e+00
2.474525719881057739e-01 3.191096782684326172e-01 -4.963881075382232666e-01 1.000000000000000000e+00
1.001252308487892151e-01 3.382708430290222168e-01 -5.868934392929077148e-01 1.000000000000000000e+00
3.898630663752555847e-02 3.409435451030731201e-01 -5.912541747093200684e-01 1.000000000000000000e+00
-2.240698970854282379e-02 3.413959145545959473e-01 -5.888141989707946777e-01 1.000000000000000000e+00
