-7.296498417854309082e-01 -3.552111089229583740e-01
-7.071121931076049805e-01 -1.617916226387023926e-01
-6.907761693000793457e-01 2.365687303245067596e-02
-6.568732857704162598e-01 2.034429758787155151e-01
-5.812464952468872070e-01 3.691993057727813721e-01
-4.838131070137023926e-01 5.232214331626892090e-01
-3.318862318992614746e-01 6.503787040710449219e-01
-1.386252492666244507e-01 7.299561500549316406e-01
4.222162067890167236e-02 7.571384906768798828e-01
2.170469909906387329e-01 7.155672907829284668e-01
4.016415476799011230e-01 6.248252391815185547e-01
5.280811786651611328e-01 4.846819937229156494e-01
6.097139120101928711e-01 3.275794386863708496e-01
6.653580665588378906e-01 1.597169339656829834e-01
6.852489709854125977e-01 -1.799132116138935089e-02
6.936132907867431641e-01 -2.014212608337402344e-01
7.088040113449096680e-01 -3.940611183643341064e-01
-6.083871722221374512e-01 -4.434897899627685547e-01
-5.166926980018615723e-01 -6.128913164138793945e-01
-3.740958273410797119e-01 -6.458364725112915039e-01
-2.225177735090255737e-01 -6.263138055801391602e-01
-9.380128979682922363e-02 -5.791481137275695801e-01
9.883996844291687012e-02 -5.842877030372619629e-01
2.242719382047653198e-01 -6.384193301200866699e-01
3.722546696662902832e-01 -6.672511696815490723e-01
5.104852318763732910e-01 -6.445558071136474609e-01
6.033955216407775879e-01 -4.813346266746520996e-01
8.320349268615245819e-03 -4.152777194976806641e-01
1.408771984279155731e-02 -2.852346897125244141e-01
1.731545291841030121e-02 -1.889196485280990601e-01
2.174816280603408813e-02 -8.849236369132995605e-02
-1.020557582378387451e-01 4.013045132160186768e-02
-4.063545539975166321e-02 5.211355537176132202e-02
1.899166963994503021e-02 6.684529781341552734e-02
7.749126851558685303e-02 4.991648346185684204e-02
1.358931064605712891e-01 3.535575047135353088e-02
-4.490080773830413818e-01 -3.678178489208221436e-01
-3.616783320903778076e-01 -4.264241158962249756e-01
-2.639236450195312500e-01 -4.235177636146545410e-01
-1.762407720088958740e-01 -3.683033287525177002e-01
-2.575143873691558838e-01 -3.369752466678619385e-01
-3.497146368026733398e-01 -3.298042416572570801e-01
1.851312965154647827e-01 -3.784045875072479248e-01
2.709743380546569824e-01 -4.374890625476837158e-01
3.681482374668121338e-01 -4.469177126884460449e-01
4.554480016231536865e-01 -3.929836452007293701e-01
3.608077168464660645e-01 -3.491209447383880615e-01
2.689333856105804443e-01 -3.513420820236206055e-01
-1.905538290739059448e-01 3.317982256412506104e-01
-1.239429712295532227e-01 2.641084790229797363e-01
-3.146843984723091125e-02 2.296788990497589111e-01
2.554760128259658813e-02 2.320629656314849854e-01
8.296236395835876465e-02 2.274264097213745117e-01
1.759590059518814087e-01 2.581201195716857910e-01
2.499561309814453125e-01 3.197606801986694336e-01
1.914865225553512573e-01 3.752182424068450928e-01
1.049727052450180054e-01 4.031098783016204834e-01
4.167481139302253723e-02 4.120668470859527588e-01
-2.452529780566692352e-02 4.058871567249298096e-01
-1.187722906470298767e-01 3.842760026454925537e-01
-1.846351623535156250e-01 3.318642079830169678e-01
-2.982384152710437775e-02 2.936593890190124512e-01
2.687771804630756378e-02 2.916941046714782715e-01
8.340267091989517212e-02 2.938503324985504150e-01
2.474525719881057739e-01 3.191096782684326172e-01
1.001252308487892151e-01 3.382708430290222168e-01
3.898630663752555847e-02 3.409435451030731201e-01
-2.240698970854282379e-02 3.413959145545959473e-01
