-6.869882345199584961e-01 -3.805816173553466797e-01
-6.909053325653076172e-01 -2.001591175794601440e-01
-6.547700166702270508e-01 -2.062560245394706726e-02
-6.288518905639648438e-01 1.353535205125808716e-01
-5.825514793395996094e-01 2.973574697971343994e-01
-5.146567225456237793e-01 4.535562694072723389e-01
-4.096946120262145996e-01 6.084164977073669434e-01
-2.428922355175018311e-01 7.411506772041320801e-01
-6.760264933109283447e-02 7.712940573692321777e-01
1.304455548524856567e-01 7.235293984413146973e-01
3.224168419837951660e-01 6.137406826019287109e-01
4.736110568046569824e-01 4.608226120471954346e-01
6.036311984062194824e-01 2.840710580348968506e-01
6.809704899787902832e-01 8.596108108758926392e-02
7.065993547439575195e-01 -1.038186177611351013e-01
7.071493864059448242e-01 -3.082263171672821045e-01
7.053115367889404297e-01 -5.061879754066467285e-01
-6.788806915283203125e-01 -4.862363636493682861e-01
-6.443259119987487793e-01 -6.458269357681274414e-01
-5.415627956390380859e-01 -6.724126338958740234e-01
-4.108346104621887207e-01 -6.532437801361083984e-01
-2.875860929489135742e-01 -6.116259694099426270e-01
-9.892441332340240479e-02 -6.190674901008605957e-01
2.465908974409103394e-02 -6.717244386672973633e-01
1.847970336675643921e-01 -7.077427506446838379e-01
3.530461490154266357e-01 -6.979605555534362793e-01
4.822312295436859131e-01 -5.486795306205749512e-01
-1.869266629219055176e-01 -4.673421084880828857e-01
-2.007840275764465332e-01 -3.340781033039093018e-01
-2.139211893081665039e-01 -2.232869267463684082e-01
-2.208986580371856689e-01 -1.083117574453353882e-01
-2.821181714534759521e-01 8.124343119561672211e-03
-2.312545180320739746e-01 2.374148555099964142e-02
-1.767539083957672119e-01 4.115713015198707581e-02
-1.148254424333572388e-01 1.955459080636501312e-02
-5.133619531989097595e-02 -5.906961159780621529e-04
-5.667601227760314941e-01 -4.113714396953582764e-01
-5.084099769592285156e-01 -4.676295816898345947e-01
-4.141575098037719727e-01 -4.683870673179626465e-01
-3.170571923255920410e-01 -4.182684421539306641e-01
-4.002610445022583008e-01 -3.797445595264434814e-01
-4.872874617576599121e-01 -3.707497715950012207e-01
2.108245529234409332e-02 -4.348495006561279297e-01
9.559442102909088135e-02 -4.911188185214996338e-01
1.921883970499038696e-01 -5.002367496490478516e-01
3.034122884273529053e-01 -4.539375007152557373e-01
1.938287615776062012e-01 -4.038431942462921143e-01
1.013520509004592896e-01 -4.042019844055175781e-01
-3.299689888954162598e-01 3.183764219284057617e-01
-2.969731986522674561e-01 2.483522444963455200e-01
-2.221477180719375610e-01 2.133985310792922974e-01
-1.676778644323348999e-01 2.152522355318069458e-01
-1.089075282216072083e-01 2.094496190547943115e-01
-1.093395985662937164e-03 2.372600287199020386e-01
1.003240793943405151e-01 2.988016009330749512e-01
3.351130709052085876e-02 3.626235127449035645e-01
-6.399828195571899414e-02 3.944957554340362549e-01
-1.272171288728713989e-01 4.041225910186767578e-01
-1.907541453838348389e-01 3.992633819580078125e-01
-2.725937962532043457e-01 3.769033849239349365e-01
-3.232915699481964111e-01 3.171897530555725098e-01
-2.029791772365570068e-01 2.773576080799102783e-01
-1.488065123558044434e-01 2.733685374259948730e-01
-8.975785970687866211e-02 2.761960625648498535e-01
9.799371659755706787e-02 2.979133427143096924e-01
-6.588628143072128296e-02 3.258794546127319336e-01
-1.264144629240036011e-01 3.295632302761077881e-01
-1.868423074483871460e-01 3.311398327350616455e-01
