-6.869057416915893555e-01 -4.303349852561950684e-01 3.300317525863647461e-01 0.000000000000000000e+00
-6.602408885955810547e-01 -2.372389286756515503e-01 3.684410154819488525e-01 0.000000000000000000e+00
-6.229686737060546875e-01 -2.075085602700710297e-02 3.948495388031005859e-01 0.000000000000000000e+00
-5.983944535255432129e-01 1.697208285331726074e-01 3.401194810867309570e-01 0.000000000000000000e+00
-5.518829822540283203e-01 3.545660376548767090e-01 2.075136899948120117e-01 0.000000000000000000e+00
-4.802605807781219482e-01 5.175009369850158691e-01 3.320330055430531502e-03 1.000000000000000000e+00
-3.711006641387939453e-01 6.522551774978637695e-01 -1.590126156806945801e-01 1.000000000000000000e+00
-2.327198684215545654e-01 7.464271783828735352e-01 -3.341011703014373779e-01 1.000000000000000000e+00
-3.823099657893180847e-02 7.774734497070312500e-01 -3.966568708419799805e-01 1.000000000000000000e+00
1.304591000080108643e-01 7.248021960258483887e-01 -4.207450747489929199e-01 1.000000000000000000e+00
3.197943568229675293e-01 6.160222291946411133e-01 -3.260280489921569824e-01 1.000000000000000000e+00
4.718357026576995850e-01 4.671336412429809570e-01 -2.311782240867614746e-01 1.000000000000000000e+00
6.048970222473144531e-01 2.916461229324340820e-01 -8.183436840772628784e-02 1.000000000000000000e+00
6.802182197570800781e-01 9.735092520713806152e-02 1.740030571818351746e-02 1.000000000000000000e+00
7.150905132293701172e-01 -9.009192883968353271e-02 5.052022263407707214e-02 1.000000000000000000e+00
7.143061757087707520e-01 -3.086339235305786133e-01 5.767297931015491486e-03 1.000000000000000000e+00
7.104225754737854004e-01 -5.035601258277893066e-01 -3.690100088715553284e-02 1.000000000000000000e+00
-6.788806915283203125e-01 -4.862363636493682861e-01 -1.481500715017318726e-01 1.000000000000000000e+00
-6.443259119987487793e-01 -6.458269357681274414e-01 -3.335590362548828125e-01 1.000000000000000000e+00
-5.415627956390380859e-01 -6.724126338958740234e-01 -5.018427371978759766e-01 1.000000000000000000e+00
-4.108346104621887207e-01 -6.532437801361083984e-01 -6.035090684890747070e-01 1.000000000000000000e+00
-2.875860929489135742e-01 -6.116259694099426270e-01 -6.494963765144348145e-01 1.000000000000000000e+00
-9.892441332340240479e-02 -6.190674901008605957e-01 -7.009670138359069824e-01 1.000000000000000000e+00
2.465908974409103394e-02 -6.717244386672973633e-01 -7.240779399871826172e-01 1.000000000000000000e+00
1.847970336675643921e-01 -7.077427506446838379e-01 -6.951978206634521484e-01 1.000000000000000000e+00
3.530461490154266357e-01 -6.979605555534362793e-01 -5.902034640312194824e-01 1.000000000000000000e+00
4.822312295436859131e-01 -5.486795306205749512e-01 -4.475398659706115723e-01 1.000000000000000000e+00
-1.869266629219055176e-01 -4.673421084880828857e-01 -6.887487173080444336e-01 1.000000000000000000e+00
-2.007840275764465332e-01 -3.340781033039093018e-01 -7.651146054267883301e-01 1.000000000000000000e+00
-2.139211893081665039e-01 -2.232869267463684082e-01 -8.311926126480102539e-01 1.000000000000000000e+00
-2.208986580371856689e-01 -1.083117574453353882e-01 -8.829236030578613281e-01 1.000000000000000000e+00
-2.821181714534759521e-01 8.124343119561672211e-03 -6.336808800697326660e-01 1.000000000000000000e+00
-2.312545180320739746e-01 2.374148555099964142e-02 -6.793763041496276855e-01 1.000000000000000000e+00
-1.767539083957672119e-01 4.115713015198707581e-02 -7.146033644676208496e-01 1.000000000000000000e+00
-1.148254424333572388e-01 1.955459080636501312e-02 -7.119448781013488770e-01 1.000000000000000000e+00
-5.133619531989097595e-02 -5.906961159780621529e-04 -6.947933435440063477e-01 1.000000000000000000e+00
-5.667601227760314941e-01 -4.113714396953582764e-01 -3.424233794212341309e-01 1.000000000000000000e+00
-5.084099769592285156e-01 -4.676295816898345947e-01 -4.606532752513885498e-01 1.000000000000000000e+00
-4.141575098037719727e-01 -4.683870673179626465e-01 -4.913204312324523926e-01 1.000000000000000000e+00
-3.170571923255920410e-01 -4.182684421539306641e-01 -4.775987565517425537e-01 1.000000000000000000e+00
-4.002610445022583008e-01 -3.797445595264434814e-01 -4.687405228614807129e-01 1.000000000000000000e+00
-4.872874617576599121e-01 -3.707497715950012207e-01 -4.351027905941009521e-01 1.000000000000000000e+00
2.108245529234409332e-02 -4.348495006561279297e-01 -5.711684823036193848e-01 1.000000000000000000e+00
9.559442102909088135e-02 -4.911188185214996338e-01 -6.285510659217834473e-01 1.000000000000000000e+00
1.921883970499038696e-01 -5.002367496490478516e-01 -6.476758122444152832e-01 1.000000000000000000e+00
3.034122884273529053e-01 -4.539375007152557373e-01 -5.697990655899047852e-01 1.000000000000000000e+00
1.938287615776062012e-01 -4.038431942462921143e-01 -6.160768270492553711e-01 1.000000000000000000e+00
1.013520509004592896e-01 -4.042019844055175781e-01 -6.042671799659729004e-01 1.000000000000000000e+00
-3.299689888954162598e-01 3.183764219284057617e-01 -4.919302165508270264e-01 1.000000000000000000e+00
-2.969731986522674561e-01 2.483522444963455200e-01 -6.171422600746154785e-01 1.000000000000000000e+00
-2.221477180719375610e-01 2.133985310792922974e-01 -6.957358121871948242e-01 1.000000000000000000e+00
-1.676778644323348999e-01 2.152522355318069458e-01 -7.178466916084289551e-01 1.000000000000000000e+00
-1.089075282216072083e-01 2.094496190547943115e-01 -7.268627882003784180e-01 1.000000000000000000e+00
-1.093395985662937164e-03 2.372600287199020386e-01 -6.938596963882446289e-01 1.000000000000000000e+00
1.003240793943405151e-01 2.988016009330749512e-01 -6.030217409133911133e-01 1.000000000000000000e+00
3.351130709052085876e-02 3.626235127449035645e-01 -6.373781561851501465e-01 1.000000000000000000e+00
-6.399828195571899414e-02 3.944957554340362549e-01 -6.609159708023071289e-01 1.000000000000000000e+00
-1.272171288728713989e-01 4.041225910186767578e-01 -6.489798426628112793e-01 1.000000000000000000e+00
-1.907541453838348389e-01 3.992633819580078125e-01 -6.279758810997009277e-01 1.000000000000000000e+00
-2.725937962532043457e-01 3.769033849239349365e-01 -5.627768039703369141e-01 1.000000000000000000e+00
-3.232915699481964111e-01 3.171897530555725098e-01 -4.892201721668243408e-01 1.000000000000000000e+00
-2.029791772365570068e-01 2.773576080799102783e-01 -6.352818608283996582e-01 1.000000000000000000e+00
-1.488065123558044434e-01 2.733685374259948730e-01 -6.580976247787475586e-01 1.000000000000000000e+00
-8.975785970687866211e-02 2.761960625648498535e-01 -6.638147830963134766e-01 1.000000000000000000e+00
9.799371659755706787e-02 2.979133427143096924e-01 -6.021548509597778320e-01 1.000000000000000000e+00
-6.588628143072128296e-02 3.258794546127319336e-01 -6.461820602416992188e-01 1.000000000000000000e+00
-1.264144629240036011e-01 3.295632302761077881e-01 -6.340844035148620605e-01 1.000000000000000000e+00
-1.868423074483871460e-01 3.311398327350616455e-01 -6.155909299850463867e-01 1.000000000000000000e+00
