-6.869228482246398926e-01 -4.299694299697875977e-01 3.304227292537689209e-01 0.000000000000000000e+00
-6.601881384849548340e-01 -2.367641776800155640e-01 3.688260018825531006e-01 0.000000000000000000e+00
-6.226758956909179688e-01 -2.006102725863456726e-02 3.951897621154785156e-01 0.000000000000000000e+00
-5.976383090019226074e-01 1.705992519855499268e-01 3.402602374553680420e-01 0.000000000000000000e+00
-5.506622195243835449e-01 3.555758297443389893e-01 2.074929922819137573e-01 0.000000000000000000e+00
-4.780993759632110596e-01 5.184034109115600586e-01 2.890622476115822792e-03 1.000000000000000000e+00
-3.679566681385040283e-01 6.526995897293090820e-01 -1.601352393627166748e-01 1.000000000000000000e+00
-2.287562191486358643e-01 7.455585002899169922e-01 -3.360174894332885742e-01 1.000000000000000000e+00
-3.440574184060096741e-02 7.751840353012084961e-01 -3.989816606044769287e-01 1.000000000000000000e+00
1.336472779512405396e-01 7.221663594245910645e-01 -4.226730465888977051e-01 1.000000000000000000e+00
3.219496011734008789e-01 6.135378479957580566e-01 -3.272822797298431396e-01 1.000000000000000000e+00
4.731848835945129395e-01 4.651760458946228027e-01 -2.318433076143264771e-01 1.000000000000000000e+00
6.055588126182556152e-01 2.902896106243133545e-01 -8.216363191604614258e-02 1.000000000000000000e+00
6.805334091186523438e-01 9.644003957509994507e-02 1.727763377130031586e-02 1.000000000000000000e+00
7.152857184410095215e-01 -9.073695540428161621e-02 5.062663927674293518e-02 1.000000000000000000e+00
7.143230438232421875e-01 -3.090326786041259766e-01 6.029067561030387878e-03 1.000000000000000000e+00
7.103937864303588867e-01 -5.038468837738037109e-01 -3.658239170908927917e-02 1.000000000000000000e+00
-6.788100600242614746e-01 -4.855647385120391846e-01 -1.481389999389648438e-01 1.000000000000000000e+00
-6.439708471298217773e-01 -6.442549228668212891e-01 -3.338474929332733154e-01 1.000000000000000000e+00
-5.409634709358215332e-01 -6.709126830101013184e-01 -5.018783211708068848e-01 1.000000000000000000e+00
-4.103282392024993896e-01 -6.523398160934448242e-01 -6.034280061721801758e-01 1.000000000000000000e+00
-2.872824370861053467e-01 -6.111083626747131348e-01 -6.492899656295776367e-01 1.000000000000000000e+00
-9.903267025947570801e-02 -6.188111901283264160e-01 -7.007666826248168945e-01 1.000000000000000000e+00
2.441045083105564117e-02 -6.711451411247253418e-01 -7.238765954971313477e-01 1.000000000000000000e+00
1.843056529760360718e-01 -7.063094377517700195e-01 -6.949980258941650391e-01 1.000000000000000000e+00
3.525537848472595215e-01 -6.964386105537414551e-01 -5.903418660163879395e-01 1.000000000000000000e+00
4.821506738662719727e-01 -5.482711791992187500e-01 -4.474565386772155762e-01 1.000000000000000000e+00
-1.869960576295852661e-01 -4.673763513565063477e-01 -6.887186169624328613e-01 1.000000000000000000e+00
-2.007219046354293823e-01 -3.343722522258758545e-01 -7.648843526840209961e-01 1.000000000000000000e+00
-2.138795405626296997e-01 -2.238810956478118896e-01 -8.309925794601440430e-01 1.000000000000000000e+00
-2.208799719810485840e-01 -1.091777980327606201e-01 -8.828340172767639160e-01 1.000000000000000000e+00
-2.829593122005462646e-01 6.085518281906843185e-03 -6.332258582115173340e-01 1.000000000000000000e+00
-2.315736860036849976e-01 2.185963839292526245e-02 -6.790264844894409180e-01 1.000000000000000000e+00
-1.766720265150070190e-01 3.924898058176040649e-02 -7.143136858940124512e-01 1.000000000000000000e+00
-1.144028231501579285e-01 1.747894845902919769e-02 -7.117109298706054688e-01 1.000000000000000000e+00
-5.037012323737144470e-02 -2.963371807709336281e-03 -6.947433948516845703e-01 1.000000000000000000e+00
-5.666180849075317383e-01 -4.111025035381317139e-01 -3.425468802452087402e-01 1.000000000000000000e+00
-5.080307126045227051e-01 -4.658935070037841797e-01 -4.604241847991943359e-01 1.000000000000000000e+00
-4.141147136688232422e-01 -4.668609499931335449e-01 -4.908704161643981934e-01 1.000000000000000000e+00
-3.170807659626007080e-01 -4.181451499462127686e-01 -4.774521589279174805e-01 1.000000000000000000e+00
-4.003901481628417969e-01 -3.799612820148468018e-01 -4.687518775463104248e-01 1.000000000000000000e+00
-4.874280691146850586e-01 -3.709333539009094238e-01 -4.352241754531860352e-01 1.000000000000000000e+00
2.106743492186069489e-02 -4.345977306365966797e-01 -5.711370706558227539e-01 1.000000000000000000e+00
9.566776454448699951e-02 -4.900300800800323486e-01 -6.283954381942749023e-01 1.000000000000000000e+00
1.920785605907440186e-01 -4.990197420120239258e-01 -6.474501490592956543e-01 1.000000000000000000e+00
3.032521009445190430e-01 -4.536932706832885742e-01 -5.698453187942504883e-01 1.000000000000000000e+00
1.937346011400222778e-01 -4.038218259811401367e-01 -6.161559820175170898e-01 1.000000000000000000e+00
1.012623831629753113e-01 -4.041923880577087402e-01 -6.042419672012329102e-01 1.000000000000000000e+00
-3.294602334499359131e-01 3.156618475914001465e-01 -4.917954206466674805e-01 1.000000000000000000e+00
-2.974795997142791748e-01 2.447481453418731689e-01 -6.164235472679138184e-01 1.000000000000000000e+00
-2.221893966197967529e-01 2.099817693233489990e-01 -6.950458288192749023e-01 1.000000000000000000e+00
-1.674040257930755615e-01 2.119974046945571899e-01 -7.170613408088684082e-01 1.000000000000000000e+00
-1.083688139915466309e-01 2.058473378419876099e-01 -7.261454463005065918e-01 1.000000000000000000e+00
1.138236693805083632e-04 2.330537885427474976e-01 -6.933723092079162598e-01 1.000000000000000000e+00
1.021668538451194763e-01 2.944661080837249756e-01 -6.030734181404113770e-01 1.000000000000000000e+00
3.543077781796455383e-02 3.578614592552185059e-01 -6.384412646293640137e-01 1.000000000000000000e+00
-6.227458640933036804e-02 3.893902301788330078e-01 -6.627913713455200195e-01 1.000000000000000000e+00
-1.255727112293243408e-01 3.992558419704437256e-01 -6.508743762969970703e-01 1.000000000000000000e+00
-1.891839504241943359e-01 3.948220908641815186e-01 -6.296073198318481445e-01 1.000000000000000000e+00
-2.711620926856994629e-01 3.736489117145538330e-01 -5.635598897933959961e-01 1.000000000000000000e+00
-3.228024840354919434e-01 3.143929243087768555e-01 -4.890705943107604980e-01 1.000000000000000000e+00
-2.029973864555358887e-01 2.734829187393188477e-01 -6.346209049224853516e-01 1.000000000000000000e+00
-1.484923362731933594e-01 2.694372236728668213e-01 -6.572432518005371094e-01 1.000000000000000000e+00
-8.910586684942245483e-02 2.720394432544708252e-01 -6.633996963500976562e-01 1.000000000000000000e+00
9.985490143299102783e-02 2.935745120048522949e-01 -6.022017598152160645e-01 1.000000000000000000e+00
-6.435191631317138672e-02 3.205123543739318848e-01 -6.472828388214111328e-01 1.000000000000000000e+00
-1.249557062983512878e-01 3.242742717266082764e-01 -6.352362036705017090e-01 1.000000000000000000e+00
-1.856345385313034058e-01 3.264582157135009766e-01 -6.165893077850341797e-01 1.000000000000000000e+00
