-6.870575547218322754e-01 -3.802759349346160889e-01
-6.909378767013549805e-01 -2.001655995845794678e-01
-6.548953056335449219e-01 -2.031864225864410400e-02
-6.287711858749389648e-01 1.363285928964614868e-01
-5.819697380065917969e-01 2.985647916793823242e-01
-5.130398273468017578e-01 4.546841084957122803e-01
-4.068322777748107910e-01 6.090638637542724609e-01
-2.389435321092605591e-01 7.402364015579223633e-01
-6.372447311878204346e-02 7.688541412353515625e-01
1.336363703012466431e-01 7.208719253540039062e-01
3.245580494403839111e-01 6.112593412399291992e-01
4.749732613563537598e-01 4.588606655597686768e-01
6.043448448181152344e-01 2.827059030532836914e-01
6.812828183174133301e-01 8.504569530487060547e-02
7.067591547966003418e-01 -1.045193821191787720e-01
7.071517705917358398e-01 -3.086703419685363770e-01
7.052795886993408203e-01 -5.064818859100341797e-01
-6.788100600242614746e-01 -4.855647385120391846e-01
-6.439708471298217773e-01 -6.442549228668212891e-01
-5.409634709358215332e-01 -6.709126830101013184e-01
-4.103282392024993896e-01 -6.523398160934448242e-01
-2.872824370861053467e-01 -6.111083626747131348e-01
-9.903267025947570801e-02 -6.188111901283264160e-01
2.441045083105564117e-02 -6.711451411247253418e-01
1.843056529760360718e-01 -7.063094377517700195e-01
3.525537848472595215e-01 -6.964386105537414551e-01
4.821506738662719727e-01 -5.482711791992187500e-01
-1.869960576295852661e-01 -4.673763513565063477e-01
-2.007219046354293823e-01 -3.343722522258758545e-01
-2.138795405626296997e-01 -2.238810956478118896e-01
-2.208799719810485840e-01 -1.091777980327606201e-01
-2.829593122005462646e-01 6.085518281906843185e-03
-2.315736860036849976e-01 2.185963839292526245e-02
-1.766720265150070190e-01 3.924898058176040649e-02
-1.144028231501579285e-01 1.747894845902919769e-02
-5.037012323737144470e-02 -2.963371807709336281e-03
-5.666180849075317383e-01 -4.111025035381317139e-01
-5.080307126045227051e-01 -4.658935070037841797e-01
-4.141147136688232422e-01 -4.668609499931335449e-01
-3.170807659626007080e-01 -4.181451499462127686e-01
-4.003901481628417969e-01 -3.799612820148468018e-01
-4.874280691146850586e-01 -3.709333539009094238e-01
2.106743492186069489e-02 -4.345977306365966797e-01
9.566776454448699951e-02 -4.900300800800323486e-01
1.920785605907440186e-01 -4.990197420120239258e-01
3.032521009445190430e-01 -4.536932706832885742e-01
1.937346011400222778e-01 -4.038218259811401367e-01
1.012623831629753113e-01 -4.041923880577087402e-01
-3.294602334499359131e-01 3.156618475914001465e-01
-2.974795997142791748e-01 2.447481453418731689e-01
-2.221893966197967529e-01 2.099817693233489990e-01
-1.674040257930755615e-01 2.119974046945571899e-01
-1.083688139915466309e-01 2.058473378419876099e-01
1.138236693805083632e-04 2.330537885427474976e-01
1.021668538451194763e-01 2.944661080837249756e-01
3.543077781796455383e-02 3.578614592552185059e-01
-6.227458640933036804e-02 3.893902301788330078e-01
-1.255727112293243408e-01 3.992558419704437256e-01
-1.891839504241943359e-01 3.948220908641815186e-01
-2.711620926856994629e-01 3.736489117145538330e-01
-3.228024840354919434e-01 3.143929243087768555e-01
-2.029973864555358887e-01 2.734829187393188477e-01
-1.484923362731933594e-01 2.694372236728668213e-01
-8.910586684942245483e-02 2.720394432544708252e-01
9.985490143299102783e-02 2.935745120048522949e-01
-6.435191631317138672e-02 3.205123543739318848e-01
-1.249557062983512878e-01 3.242742717266082764e-01
-1.856345385313034058e-01 3.264582157135009766e-01
