-6.869592070579528809e-01 -3.805945217609405518e-01
-6.908597350120544434e-01 -2.001863569021224976e-01
-6.546418070793151855e-01 -2.059211954474449158e-02
-6.286942362785339355e-01 1.353048682212829590e-01
-5.822820067405700684e-01 2.972727715969085693e-01
-5.144311189651489258e-01 4.535712301731109619e-01
-4.095330536365509033e-01 6.087633371353149414e-01
-2.425506114959716797e-01 7.421097755432128906e-01
-6.702598184347152710e-02 7.725443243980407715e-01
1.311278492212295532e-01 7.245380282402038574e-01
3.229010403156280518e-01 6.144407391548156738e-01
4.737926423549652100e-01 4.611943662166595459e-01
6.037464737892150879e-01 2.842768728733062744e-01
6.810609102249145508e-01 8.608758449554443359e-02
7.066760659217834473e-01 -1.037230864167213440e-01
7.072244286537170410e-01 -3.081646561622619629e-01
7.053853273391723633e-01 -5.061315298080444336e-01
-6.788340806961059570e-01 -4.861959517002105713e-01
-6.443439722061157227e-01 -6.455917358398437500e-01
-5.415862202644348145e-01 -6.722460389137268066e-01
-4.107947349548339844e-01 -6.530690789222717285e-01
-2.875245511531829834e-01 -6.114276051521301270e-01
-9.888364374637603760e-02 -6.189045906066894531e-01
2.476509101688861847e-02 -6.715853810310363770e-01
1.849014163017272949e-01 -7.076014280319213867e-01
3.531375527381896973e-01 -6.977568864822387695e-01
4.822920858860015869e-01 -5.486254692077636719e-01
-1.869639605283737183e-01 -4.673110842704772949e-01
-2.008383572101593018e-01 -3.341647684574127197e-01
-2.139809876680374146e-01 -2.233213335275650024e-01
-2.209425419569015503e-01 -1.082579195499420166e-01
-2.821197509765625000e-01 7.956483401358127594e-03
-2.312697321176528931e-01 2.366477251052856445e-02
-1.767913848161697388e-01 4.106048494577407837e-02
-1.148978322744369507e-01 1.950366795063018799e-02
-5.146273225545883179e-02 -7.249985355883836746e-04
-5.667842626571655273e-01 -4.114701449871063232e-01
-5.084342956542968750e-01 -4.678607583045959473e-01
-4.141532480716705322e-01 -4.685769379138946533e-01
-3.170461058616638184e-01 -4.183251261711120605e-01
-4.002642035484313965e-01 -3.797821700572967529e-01
-4.872607290744781494e-01 -3.707942664623260498e-01
2.104765176773071289e-02 -4.348036348819732666e-01
9.549021720886230469e-02 -4.914934635162353516e-01
1.921937763690948486e-01 -5.007255077362060547e-01
3.034461736679077148e-01 -4.540012180805206299e-01
1.937859654426574707e-01 -4.037360548973083496e-01
1.013298407196998596e-01 -4.040781855583190918e-01
-3.294915258884429932e-01 3.192656040191650391e-01
-2.970166802406311035e-01 2.485153526067733765e-01
-2.223466038703918457e-01 2.132700830698013306e-01
-1.678796857595443726e-01 2.150447368621826172e-01
-1.090810596942901611e-01 2.093434482812881470e-01
-1.203189836814999580e-03 2.374957352876663208e-01
1.004358679056167603e-01 2.998804152011871338e-01
3.420380875468254089e-02 3.643019795417785645e-01
-6.314839422702789307e-02 3.964388668537139893e-01
-1.263879686594009399e-01 4.060625433921813965e-01
-1.899906098842620850e-01 4.011351168155670166e-01
-2.719550132751464844e-01 3.784109652042388916e-01
-3.227605819702148438e-01 3.181158006191253662e-01
-2.030307948589324951e-01 2.773450911045074463e-01
-1.489482522010803223e-01 2.732705175876617432e-01
-8.997645229101181030e-02 2.762253880500793457e-01
9.809264540672302246e-02 2.989863157272338867e-01
-6.507270038127899170e-02 3.278723955154418945e-01
-1.255367696285247803e-01 3.315610587596893311e-01
-1.859268695116043091e-01 3.330583870410919189e-01
