-6.869013309478759766e-01 -4.303167760372161865e-01 3.298801183700561523e-01 0.000000000000000000e+00
-6.602420210838317871e-01 -2.372420430183410645e-01 3.682857155799865723e-01 0.000000000000000000e+00
-6.229881644248962402e-01 -2.078086137771606445e-02 3.946840465068817139e-01 0.000000000000000000e+00
-5.984748601913452148e-01 1.696394681930541992e-01 3.399583101272583008e-01 0.000000000000000000e+00
-5.519425272941589355e-01 3.544853627681732178e-01 2.074199467897415161e-01 0.000000000000000000e+00
-4.802246093750000000e-01 5.175254940986633301e-01 3.321019234135746956e-03 1.000000000000000000e+00
-3.710415363311767578e-01 6.526706218719482422e-01 -1.586536169052124023e-01 1.000000000000000000e+00
-2.324163913726806641e-01 7.473127245903015137e-01 -3.332781791687011719e-01 1.000000000000000000e+00
-3.768006712198257446e-02 7.785947918891906738e-01 -3.955865800380706787e-01 1.000000000000000000e+00
1.311380863189697266e-01 7.258033752441406250e-01 -4.196640253067016602e-01 1.000000000000000000e+00
3.202827870845794678e-01 6.167259216308593750e-01 -3.253012597560882568e-01 1.000000000000000000e+00
4.720271825790405273e-01 4.675072431564331055e-01 -2.307332903146743774e-01 1.000000000000000000e+00
6.050164103507995605e-01 2.918498218059539795e-01 -8.158773183822631836e-02 1.000000000000000000e+00
6.802975535392761230e-01 9.747160226106643677e-02 1.752327568829059601e-02 1.000000000000000000e+00
7.151582837104797363e-01 -9.001092612743377686e-02 5.060782283544540405e-02 1.000000000000000000e+00
7.143748402595520020e-01 -3.085789978504180908e-01 5.777927581220865250e-03 1.000000000000000000e+00
7.104891538619995117e-01 -5.035091638565063477e-01 -3.692789748311042786e-02 1.000000000000000000e+00
-6.788340806961059570e-01 -4.861959517002105713e-01 -1.482255458831787109e-01 1.000000000000000000e+00
-6.443439722061157227e-01 -6.455917358398437500e-01 -3.336284458637237549e-01 1.000000000000000000e+00
-5.415862202644348145e-01 -6.722460389137268066e-01 -5.019049048423767090e-01 1.000000000000000000e+00
-4.107947349548339844e-01 -6.530690789222717285e-01 -6.034601330757141113e-01 1.000000000000000000e+00
-2.875245511531829834e-01 -6.114276051521301270e-01 -6.494827270507812500e-01 1.000000000000000000e+00
-9.888364374637603760e-02 -6.189045906066894531e-01 -7.009742259979248047e-01 1.000000000000000000e+00
2.476509101688861847e-02 -6.715853810310363770e-01 -7.240448594093322754e-01 1.000000000000000000e+00
1.849014163017272949e-01 -7.076014280319213867e-01 -6.952498555183410645e-01 1.000000000000000000e+00
3.531375527381896973e-01 -6.977568864822387695e-01 -5.902336835861206055e-01 1.000000000000000000e+00
4.822920858860015869e-01 -5.486254692077636719e-01 -4.475373327732086182e-01 1.000000000000000000e+00
-1.869639605283737183e-01 -4.673110842704772949e-01 -6.888835430145263672e-01 1.000000000000000000e+00
-2.008383572101593018e-01 -3.341647684574127197e-01 -7.651890516281127930e-01 1.000000000000000000e+00
-2.139809876680374146e-01 -2.233213335275650024e-01 -8.312401175498962402e-01 1.000000000000000000e+00
-2.209425419569015503e-01 -1.082579195499420166e-01 -8.828454613685607910e-01 1.000000000000000000e+00
-2.821197509765625000e-01 7.956483401358127594e-03 -6.336997747421264648e-01 1.000000000000000000e+00
-2.312697321176528931e-01 2.366477251052856445e-02 -6.793621182441711426e-01 1.000000000000000000e+00
-1.767913848161697388e-01 4.106048494577407837e-02 -7.146030068397521973e-01 1.000000000000000000e+00
-1.148978322744369507e-01 1.950366795063018799e-02 -7.119064331054687500e-01 1.000000000000000000e+00
-5.146273225545883179e-02 -7.249985355883836746e-04 -6.947626471519470215e-01 1.000000000000000000e+00
-5.667842626571655273e-01 -4.114701449871063232e-01 -3.423992097377777100e-01 1.000000000000000000e+00
-5.084342956542968750e-01 -4.678607583045959473e-01 -4.606474936008453369e-01 1.000000000000000000e+00
-4.141532480716705322e-01 -4.685769379138946533e-01 -4.913296997547149658e-01 1.000000000000000000e+00
-3.170461058616638184e-01 -4.183251261711120605e-01 -4.775822460651397705e-01 1.000000000000000000e+00
-4.002642035484313965e-01 -3.797821700572967529e-01 -4.687198400497436523e-01 1.000000000000000000e+00
-4.872607290744781494e-01 -3.707942664623260498e-01 -4.350875318050384521e-01 1.000000000000000000e+00
2.104765176773071289e-02 -4.348036348819732666e-01 -5.712369680404663086e-01 1.000000000000000000e+00
9.549021720886230469e-02 -4.914934635162353516e-01 -6.287069916725158691e-01 1.000000000000000000e+00
1.921937763690948486e-01 -5.007255077362060547e-01 -6.478273868560791016e-01 1.000000000000000000e+00
3.034461736679077148e-01 -4.540012180805206299e-01 -5.698519945144653320e-01 1.000000000000000000e+00
1.937859654426574707e-01 -4.037360548973083496e-01 -6.160902976989746094e-01 1.000000000000000000e+00
1.013298407196998596e-01 -4.040781855583190918e-01 -6.042965054512023926e-01 1.000000000000000000e+00
-3.294915258884429932e-01 3.192656040191650391e-01 -4.924032390117645264e-01 1.000000000000000000e+00
-2.970166802406311035e-01 2.485153526067733765e-01 -6.178098917007446289e-01 1.000000000000000000e+00
-2.223466038703918457e-01 2.132700830698013306e-01 -6.964384317398071289e-01 1.000000000000000000e+00
-1.678796857595443726e-01 2.150447368621826172e-01 -7.185698151588439941e-01 1.000000000000000000e+00
-1.090810596942901611e-01 2.093434482812881470e-01 -7.275723218917846680e-01 1.000000000000000000e+00
-1.203189836814999580e-03 2.374957352876663208e-01 -6.944849491119384766e-01 1.000000000000000000e+00
1.004358679056167603e-01 2.998804152011871338e-01 -6.032233238220214844e-01 1.000000000000000000e+00
3.420380875468254089e-02 3.643019795417785645e-01 -6.372765302658081055e-01 1.000000000000000000e+00
-6.314839422702789307e-02 3.964388668537139893e-01 -6.606191992759704590e-01 1.000000000000000000e+00
-1.263879686594009399e-01 4.060625433921813965e-01 -6.486960053443908691e-01 1.000000000000000000e+00
-1.899906098842620850e-01 4.011351168155670166e-01 -6.277803778648376465e-01 1.000000000000000000e+00
-2.719550132751464844e-01 3.784109652042388916e-01 -5.629302263259887695e-01 1.000000000000000000e+00
-3.227605819702148438e-01 3.181158006191253662e-01 -4.896552860736846924e-01 1.000000000000000000e+00
-2.030307948589324951e-01 2.773450911045074463e-01 -6.358715891838073730e-01 1.000000000000000000e+00
-1.489482522010803223e-01 2.732705175876617432e-01 -6.586554050445556641e-01 1.000000000000000000e+00
-8.997645229101181030e-02 2.762253880500793457e-01 -6.643408536911010742e-01 1.000000000000000000e+00
9.809264540672302246e-02 2.989863157272338867e-01 -6.023555994033813477e-01 1.000000000000000000e+00
-6.507270038127899170e-02 3.278723955154418945e-01 -6.458448171615600586e-01 1.000000000000000000e+00
-1.255367696285247803e-01 3.315610587596893311e-01 -6.337383985519409180e-01 1.000000000000000000e+00
-1.859268695116043091e-01 3.330583870410919189e-01 -6.154052615165710449e-01 1.000000000000000000e+00
