-7.083529233932495117e-01 -3.795372247695922852e-01
-7.003567814826965332e-01 -1.816334575414657593e-01
-6.627951860427856445e-01 1.365457661449909210e-03
-6.234344840049743652e-01 1.520830094814300537e-01
-5.665038824081420898e-01 3.139827549457550049e-01
-4.818971157073974609e-01 4.628764688968658447e-01
-3.533480167388916016e-01 6.005449295043945312e-01
-1.827490627765655518e-01 7.088643312454223633e-01
-1.459653116762638092e-02 7.355678081512451172e-01
1.617404371500015259e-01 6.904073357582092285e-01
3.374165296554565430e-01 5.880805253982543945e-01
4.792035222053527832e-01 4.504660665988922119e-01
5.811010003089904785e-01 2.849042415618896484e-01
6.488447785377502441e-01 9.154378622770309448e-02
6.869322061538696289e-01 -9.592108428478240967e-02
7.038447856903076172e-01 -2.927365601062774658e-01
7.176043391227722168e-01 -4.848953485488891602e-01
-6.734027266502380371e-01 -4.792129993438720703e-01
-6.204541325569152832e-01 -6.448754668235778809e-01
-4.995250403881072998e-01 -6.744274497032165527e-01
-3.558325767517089844e-01 -6.519714593887329102e-01
-2.275782227516174316e-01 -6.038733720779418945e-01
-2.677044644951820374e-02 -6.121394634246826172e-01
1.025988608598709106e-01 -6.702075600624084473e-01
2.653046250343322754e-01 -7.057673931121826172e-01
4.289343357086181641e-01 -6.917744278907775879e-01
5.436174273490905762e-01 -5.352967381477355957e-01
-1.218458861112594604e-01 -4.401453733444213867e-01
-1.267020255327224731e-01 -3.004729151725769043e-01
-1.337957382202148438e-01 -1.918353587388992310e-01
-1.368830204010009766e-01 -8.041200041770935059e-02
-2.211764305830001831e-01 4.150350019335746765e-02
-1.664279848337173462e-01 5.721476301550865173e-02
-1.079797595739364624e-01 7.383555173873901367e-02
-4.520028084516525269e-02 5.331199616193771362e-02
1.685937494039535522e-02 3.269040957093238831e-02
-5.520551204681396484e-01 -3.890986144542694092e-01
-4.785519242286682129e-01 -4.355246424674987793e-01
-3.846969008445739746e-01 -4.352409839630126953e-01
-2.915567457675933838e-01 -3.890265822410583496e-01
-3.742310702800750732e-01 -3.559804856777191162e-01
-4.664173424243927002e-01 -3.469907045364379883e-01
8.952134102582931519e-02 -4.038043916225433350e-01
1.709623336791992188e-01 -4.555996656417846680e-01
2.670853137969970703e-01 -4.650018811225891113e-01
3.749288320541381836e-01 -4.274547398090362549e-01
2.689134180545806885e-01 -3.771737813949584961e-01
1.728905737400054932e-01 -3.780226111412048340e-01
-2.823932468891143799e-01 3.255056738853454590e-01
-2.358032763004302979e-01 2.646470963954925537e-01
-1.537325233221054077e-01 2.349556535482406616e-01
-9.818184375762939453e-02 2.382501959800720215e-01
-3.972065448760986328e-02 2.306781411170959473e-01
6.316027790307998657e-02 2.521233260631561279e-01
1.578695625066757202e-01 2.996096611022949219e-01
9.505655616521835327e-02 3.611616790294647217e-01
-1.458189683035016060e-03 3.947160243988037109e-01
-6.691532582044601440e-02 4.066913723945617676e-01
-1.334747523069381714e-01 4.025444388389587402e-01
-2.210521250963211060e-01 3.810577392578125000e-01
-2.763672471046447754e-01 3.252672851085662842e-01
-1.409064382314682007e-01 2.927961051464080811e-01
-8.561013638973236084e-02 2.915687561035156250e-01
-2.733166515827178955e-02 2.889898121356964111e-01
1.554684191942214966e-01 2.990492582321166992e-01
-6.339868530631065369e-03 3.242109119892120361e-01
-6.943672895431518555e-02 3.287354409694671631e-01
-1.315528303384780884e-01 3.320434987545013428e-01
