-7.120796442031860352e-01 -4.198535382747650146e-01 2.616642713546752930e-01 1.000000000000000000e+00
-6.796695590019226074e-01 -2.281895577907562256e-01 2.961567342281341553e-01 1.000000000000000000e+00
-6.339904665946960449e-01 -1.402459573000669479e-02 3.230213820934295654e-01 0.000000000000000000e+00
-5.789784789085388184e-01 1.775074899196624756e-01 2.696662545204162598e-01 0.000000000000000000e+00
-5.227427482604980469e-01 3.615140616893768311e-01 1.484059989452362061e-01 0.000000000000000000e+00
-4.423755705356597900e-01 5.156673789024353027e-01 -3.422487527132034302e-02 1.000000000000000000e+00
-3.187828361988067627e-01 6.323823928833007812e-01 -1.701541393995285034e-01 1.000000000000000000e+00
-1.743502914905548096e-01 7.145259380340576172e-01 -3.295202255249023438e-01 1.000000000000000000e+00
6.774940062314271927e-03 7.409367561340332031e-01 -3.683961033821105957e-01 1.000000000000000000e+00
1.626964062452316284e-01 6.926022768020629883e-01 -3.794946968555450439e-01 1.000000000000000000e+00
3.315452933311462402e-01 5.957084298133850098e-01 -2.690645456314086914e-01 1.000000000000000000e+00
4.687860310077667236e-01 4.660497903823852539e-01 -1.765411198139190674e-01 1.000000000000000000e+00
5.761508345603942871e-01 3.033567965030670166e-01 -2.485423162579536438e-02 1.000000000000000000e+00
6.446974873542785645e-01 1.146339625120162964e-01 7.416515052318572998e-02 1.000000000000000000e+00
6.961754560470581055e-01 -7.431694865226745605e-02 1.050158962607383728e-01 1.000000000000000000e+00
7.116992473602294922e-01 -2.901158928871154785e-01 6.141386553645133972e-02 1.000000000000000000e+00
7.317594885826110840e-01 -4.834442138671875000e-01 2.344253472983837128e-02 1.000000000000000000e+00
-6.734027266502380371e-01 -4.792129993438720703e-01 -2.205883115530014038e-01 1.000000000000000000e+00
-6.204541325569152832e-01 -6.448754668235778809e-01 -4.030340015888214111e-01 1.000000000000000000e+00
-4.995250403881072998e-01 -6.744274497032165527e-01 -5.603736639022827148e-01 1.000000000000000000e+00
-3.558325767517089844e-01 -6.519714593887329102e-01 -6.507492661476135254e-01 1.000000000000000000e+00
-2.275782227516174316e-01 -6.038733720779418945e-01 -6.882021427154541016e-01 1.000000000000000000e+00
-2.677044644951820374e-02 -6.121394634246826172e-01 -7.211761474609375000e-01 1.000000000000000000e+00
1.025988608598709106e-01 -6.702075600624084473e-01 -7.272220849990844727e-01 1.000000000000000000e+00
2.653046250343322754e-01 -7.057673931121826172e-01 -6.836953759193420410e-01 1.000000000000000000e+00
4.289343357086181641e-01 -6.917744278907775879e-01 -5.667261481285095215e-01 1.000000000000000000e+00
5.436174273490905762e-01 -5.352967381477355957e-01 -4.117402732372283936e-01 1.000000000000000000e+00
-1.218458861112594604e-01 -4.401453733444213867e-01 -7.158659696578979492e-01 1.000000000000000000e+00
-1.267020255327224731e-01 -3.004729151725769043e-01 -7.880274057388305664e-01 1.000000000000000000e+00
-1.337957382202148438e-01 -1.918353587388992310e-01 -8.538098931312561035e-01 1.000000000000000000e+00
-1.368830204010009766e-01 -8.041200041770935059e-02 -9.038456678390502930e-01 1.000000000000000000e+00
-2.211764305830001831e-01 4.150350019335746765e-02 -6.716005206108093262e-01 1.000000000000000000e+00
-1.664279848337173462e-01 5.721476301550865173e-02 -7.091513276100158691e-01 1.000000000000000000e+00
-1.079797595739364624e-01 7.383555173873901367e-02 -7.374874949455261230e-01 1.000000000000000000e+00
-4.520028084516525269e-02 5.331199616193771362e-02 -7.291392087936401367e-01 1.000000000000000000e+00
1.685937494039535522e-02 3.269040957093238831e-02 -7.105024456977844238e-01 1.000000000000000000e+00
-5.520551204681396484e-01 -3.890986144542694092e-01 -4.186317920684814453e-01 1.000000000000000000e+00
-4.785519242286682129e-01 -4.355246424674987793e-01 -5.317820310592651367e-01 1.000000000000000000e+00
-3.846969008445739746e-01 -4.352409839630126953e-01 -5.542087554931640625e-01 1.000000000000000000e+00
-2.915567457675933838e-01 -3.890265822410583496e-01 -5.367754697799682617e-01 1.000000000000000000e+00
-3.742310702800750732e-01 -3.559804856777191162e-01 -5.327610373497009277e-01 1.000000000000000000e+00
-4.664173424243927002e-01 -3.469907045364379883e-01 -5.066989064216613770e-01 1.000000000000000000e+00
8.952134102582931519e-02 -4.038043916225433350e-01 -6.011356115341186523e-01 1.000000000000000000e+00
1.709623336791992188e-01 -4.555996656417846680e-01 -6.462252736091613770e-01 1.000000000000000000e+00
2.670853137969970703e-01 -4.650018811225891113e-01 -6.539409756660461426e-01 1.000000000000000000e+00
3.749288320541381836e-01 -4.274547398090362549e-01 -5.684491395950317383e-01 1.000000000000000000e+00
2.689134180545806885e-01 -3.771737813949584961e-01 -6.271522641181945801e-01 1.000000000000000000e+00
1.728905737400054932e-01 -3.780226111412048340e-01 -6.235311031341552734e-01 1.000000000000000000e+00
-2.823932468891143799e-01 3.255056738853454590e-01 -5.125721096992492676e-01 1.000000000000000000e+00
-2.358032763004302979e-01 2.646470963954925537e-01 -6.359727382659912109e-01 1.000000000000000000e+00
-1.537325233221054077e-01 2.349556535482406616e-01 -7.087708115577697754e-01 1.000000000000000000e+00
-9.818184375762939453e-02 2.382501959800720215e-01 -7.255526781082153320e-01 1.000000000000000000e+00
-3.972065448760986328e-02 2.306781411170959473e-01 -7.271566987037658691e-01 1.000000000000000000e+00
6.316027790307998657e-02 2.521233260631561279e-01 -6.815469861030578613e-01 1.000000000000000000e+00
1.578695625066757202e-01 2.996096611022949219e-01 -5.805971622467041016e-01 1.000000000000000000e+00
9.505655616521835327e-02 3.611616790294647217e-01 -6.253327727317810059e-01 1.000000000000000000e+00
-1.458189683035016060e-03 3.947160243988037109e-01 -6.629417538642883301e-01 1.000000000000000000e+00
-6.691532582044601440e-02 4.066913723945617676e-01 -6.568508744239807129e-01 1.000000000000000000e+00
-1.334747523069381714e-01 4.025444388389587402e-01 -6.408535838127136230e-01 1.000000000000000000e+00
-2.210521250963211060e-01 3.810577392578125000e-01 -5.784212946891784668e-01 1.000000000000000000e+00
-2.763672471046447754e-01 3.252672851085662842e-01 -5.095123648643493652e-01 1.000000000000000000e+00
-1.409064382314682007e-01 2.927961051464080811e-01 -6.452749967575073242e-01 1.000000000000000000e+00
-8.561013638973236084e-02 2.915687561035156250e-01 -6.631186604499816895e-01 1.000000000000000000e+00
-2.733166515827178955e-02 2.889898121356964111e-01 -6.617652177810668945e-01 1.000000000000000000e+00
1.554684191942214966e-01 2.990492582321166992e-01 -5.802602171897888184e-01 1.000000000000000000e+00
-6.339868530631065369e-03 3.242109119892120361e-01 -6.467493176460266113e-01 1.000000000000000000e+00
-6.943672895431518555e-02 3.287354409694671631e-01 -6.400905251502990723e-01 1.000000000000000000e+00
-1.315528303384780884e-01 3.320434987545013428e-01 -6.268491148948669434e-01 1.000000000000000000e+00
