-7.296312451362609863e-01 -3.552090823650360107e-01
-7.071258425712585449e-01 -1.617132574319839478e-01
-6.905977129936218262e-01 2.379179932177066803e-02
-6.566869020462036133e-01 2.035056352615356445e-01
-5.810631513595581055e-01 3.692531287670135498e-01
-4.836125373840332031e-01 5.230212807655334473e-01
-3.314763009548187256e-01 6.493680477142333984e-01
-1.380894482135772705e-01 7.281419038772583008e-01
4.280581325292587280e-02 7.549058198928833008e-01
2.175811529159545898e-01 7.133910059928894043e-01
4.020514190196990967e-01 6.233401894569396973e-01
5.284258723258972168e-01 4.839285612106323242e-01
6.098483204841613770e-01 3.271375000476837158e-01
6.652960181236267090e-01 1.593830883502960205e-01
6.851163506507873535e-01 -1.816653273999691010e-02
6.935682296752929688e-01 -2.015698105096817017e-01
7.086970806121826172e-01 -3.941936790943145752e-01
-6.084492802619934082e-01 -4.433463215827941895e-01
-5.166652202606201172e-01 -6.126453280448913574e-01
-3.740329742431640625e-01 -6.454182863235473633e-01
-2.223985940217971802e-01 -6.257740259170532227e-01
-9.370953589677810669e-02 -5.787387490272521973e-01
9.881519526243209839e-02 -5.837983489036560059e-01
2.242152988910675049e-01 -6.377931237220764160e-01
3.722226619720458984e-01 -6.667857766151428223e-01
5.104566812515258789e-01 -6.442670822143554688e-01
6.034135222434997559e-01 -4.811607301235198975e-01
8.324021473526954651e-03 -4.151924550533294678e-01
1.410605479031801224e-02 -2.852070331573486328e-01
1.732721924781799316e-02 -1.889584809541702271e-01
2.175125665962696075e-02 -8.857242763042449951e-02
-1.017977520823478699e-01 4.019916430115699768e-02
-4.054081067442893982e-02 5.213284492492675781e-02
1.899251528084278107e-02 6.685932725667953491e-02
7.741089165210723877e-02 4.994197562336921692e-02
1.356289386749267578e-01 3.541021421551704407e-02
-4.490302205085754395e-01 -3.678389489650726318e-01
-3.617134988307952881e-01 -4.264717698097229004e-01
-2.639326155185699463e-01 -4.235332012176513672e-01
-1.762916445732116699e-01 -3.682554960250854492e-01
-2.574792802333831787e-01 -3.369254171848297119e-01
-3.497402966022491455e-01 -3.297541439533233643e-01
1.852074265480041504e-01 -3.783849477767944336e-01
2.710216343402862549e-01 -4.374709129333496094e-01
3.682055473327636719e-01 -4.469128549098968506e-01
4.554886519908905029e-01 -3.930214941501617432e-01
3.608699440956115723e-01 -3.491108119487762451e-01
2.689287960529327393e-01 -3.513333201408386230e-01
-1.901088654994964600e-01 3.316266536712646484e-01
-1.237105280160903931e-01 2.640620172023773193e-01
-3.145427256822586060e-02 2.294495850801467896e-01
2.553122863173484802e-02 2.318432629108428955e-01
8.291588723659515381e-02 2.271634191274642944e-01
1.757647246122360229e-01 2.579436600208282471e-01
2.497017383575439453e-01 3.192709684371948242e-01
1.914617419242858887e-01 3.737395107746124268e-01
1.049660742282867432e-01 4.014805257320404053e-01
4.173787683248519897e-02 4.104068279266357422e-01
-2.437785454094409943e-02 4.043663144111633301e-01
-1.184849962592124939e-01 3.830233514308929443e-01
-1.841720789670944214e-01 3.316167891025543213e-01
-2.977287769317626953e-02 2.936215400695800781e-01
2.688905969262123108e-02 2.916671931743621826e-01
8.333797752857208252e-02 2.937794923782348633e-01
2.471881955862045288e-01 3.186298012733459473e-01
1.001148521900177002e-01 3.366847038269042969e-01
3.898674622178077698e-02 3.393714129924774170e-01
-2.235500141978263855e-02 3.399360775947570801e-01
