-7.391982674598693848e-01 -3.558944463729858398e-01 2.262344956398010254e-01 1.000000000000000000e+00
-7.178065180778503418e-01 -1.634153276681900024e-01 2.534391283988952637e-01 1.000000000000000000e+00
-6.923996210098266602e-01 5.346763879060745239e-02 2.688956856727600098e-01 1.000000000000000000e+00
-6.609218716621398926e-01 2.416924983263015747e-01 2.128820121288299561e-01 1.000000000000000000e+00
-5.801411867141723633e-01 4.112693369388580322e-01 8.824215829372406006e-02 1.000000000000000000e+00
-4.677928686141967773e-01 5.546720027923583984e-01 -9.565079957246780396e-02 1.000000000000000000e+00
-3.151960372924804688e-01 6.659703850746154785e-01 -2.181082665920257568e-01 1.000000000000000000e+00
-1.357433497905731201e-01 7.320967912673950195e-01 -3.487061262130737305e-01 1.000000000000000000e+00
5.463138595223426819e-02 7.651860713958740234e-01 -3.589763343334197998e-01 1.000000000000000000e+00
2.148796170949935913e-01 7.174339890480041504e-01 -3.359140455722808838e-01 1.000000000000000000e+00
3.811009824275970459e-01 6.443449258804321289e-01 -1.993381381034851074e-01 1.000000000000000000e+00
5.121812224388122559e-01 5.209779143333435059e-01 -7.291826605796813965e-02 1.000000000000000000e+00
6.047803163528442383e-01 3.722734153270721436e-01 1.121813058853149414e-01 1.000000000000000000e+00
6.638778448104858398e-01 1.972931325435638428e-01 2.382287979125976562e-01 0.000000000000000000e+00
6.818464398384094238e-01 1.174848154187202454e-02 2.878721356391906738e-01 1.000000000000000000e+00
6.985270977020263672e-01 -2.056165784597396851e-01 2.608283758163452148e-01 1.000000000000000000e+00
7.164784669876098633e-01 -3.994625210762023926e-01 2.356085330247879028e-01 1.000000000000000000e+00
-6.084492802619934082e-01 -4.433463215827941895e-01 -2.235779166221618652e-01 1.000000000000000000e+00
-5.166652202606201172e-01 -6.126453280448913574e-01 -3.738218247890472412e-01 1.000000000000000000e+00
-3.740329742431640625e-01 -6.454182863235473633e-01 -5.047573447227478027e-01 1.000000000000000000e+00
-2.223985940217971802e-01 -6.257740259170532227e-01 -5.684884190559387207e-01 1.000000000000000000e+00
-9.370953589677810669e-02 -5.787387490272521973e-01 -5.814247131347656250e-01 1.000000000000000000e+00
9.881519526243209839e-02 -5.837983489036560059e-01 -5.813284516334533691e-01 1.000000000000000000e+00
2.242152988910675049e-01 -6.377931237220764160e-01 -5.705599188804626465e-01 1.000000000000000000e+00
3.722226619720458984e-01 -6.667857766151428223e-01 -5.025977492332458496e-01 1.000000000000000000e+00
5.104566812515258789e-01 -6.442670822143554688e-01 -3.639425933361053467e-01 1.000000000000000000e+00
6.034135222434997559e-01 -4.811607301235198975e-01 -2.121385782957077026e-01 1.000000000000000000e+00
8.324021473526954651e-03 -4.151924550533294678e-01 -5.853039026260375977e-01 1.000000000000000000e+00
1.410605479031801224e-02 -2.852070331573486328e-01 -6.620565056800842285e-01 1.000000000000000000e+00
1.732721924781799316e-02 -1.889584809541702271e-01 -7.325592041015625000e-01 1.000000000000000000e+00
2.175125665962696075e-02 -8.857242763042449951e-02 -7.854202389717102051e-01 1.000000000000000000e+00
-1.017977520823478699e-01 4.019916430115699768e-02 -5.980599522590637207e-01 1.000000000000000000e+00
-4.054081067442893982e-02 5.213284492492675781e-02 -6.238913536071777344e-01 1.000000000000000000e+00
1.899251528084278107e-02 6.685932725667953491e-02 -6.431022882461547852e-01 1.000000000000000000e+00
7.741089165210723877e-02 4.994197562336921692e-02 -6.245245337486267090e-01 1.000000000000000000e+00
1.356289386749267578e-01 3.541021421551704407e-02 -5.975603461265563965e-01 1.000000000000000000e+00
-4.490302205085754395e-01 -3.678389489650726318e-01 -4.021348655223846436e-01 1.000000000000000000e+00
-3.617134988307952881e-01 -4.264717698097229004e-01 -5.012634992599487305e-01 1.000000000000000000e+00
-2.639326155185699463e-01 -4.235332012176513672e-01 -5.081242322921752930e-01 1.000000000000000000e+00
-1.762916445732116699e-01 -3.682554960250854492e-01 -4.714900851249694824e-01 1.000000000000000000e+00
-2.574792802333831787e-01 -3.369254171848297119e-01 -4.843138456344604492e-01 1.000000000000000000e+00
-3.497402966022491455e-01 -3.297541439533233643e-01 -4.743719995021820068e-01 1.000000000000000000e+00
1.852074265480041504e-01 -3.783849477767944336e-01 -4.765678346157073975e-01 1.000000000000000000e+00
2.710216343402862549e-01 -4.374709129333496094e-01 -5.106986165046691895e-01 1.000000000000000000e+00
3.682055473327636719e-01 -4.469128549098968506e-01 -5.025106668472290039e-01 1.000000000000000000e+00
4.554886519908905029e-01 -3.930214941501617432e-01 -3.990482389926910400e-01 1.000000000000000000e+00
3.608699440956115723e-01 -3.491108119487762451e-01 -4.752468168735504150e-01 1.000000000000000000e+00
2.689287960529327393e-01 -3.513333201408386230e-01 -4.875585734844207764e-01 1.000000000000000000e+00
-1.901088654994964600e-01 3.316266536712646484e-01 -5.035298466682434082e-01 1.000000000000000000e+00
-1.237105280160903931e-01 2.640620172023773193e-01 -6.077619791030883789e-01 1.000000000000000000e+00
-3.145427256822586060e-02 2.294495850801467896e-01 -6.603686213493347168e-01 1.000000000000000000e+00
2.553122863173484802e-02 2.318432629108428955e-01 -6.681774854660034180e-01 1.000000000000000000e+00
8.291588723659515381e-02 2.271634191274642944e-01 -6.602070331573486328e-01 1.000000000000000000e+00
1.757647246122360229e-01 2.579436600208282471e-01 -6.033521890640258789e-01 1.000000000000000000e+00
2.497017383575439453e-01 3.192709684371948242e-01 -4.981289207935333252e-01 1.000000000000000000e+00
1.914617419242858887e-01 3.737395107746124268e-01 -5.522662997245788574e-01 1.000000000000000000e+00
1.049660742282867432e-01 4.014805257320404053e-01 -6.058943867683410645e-01 1.000000000000000000e+00
4.173787683248519897e-02 4.104068279266357422e-01 -6.123973727226257324e-01 1.000000000000000000e+00
-2.437785454094409943e-02 4.043663144111633301e-01 -6.066061854362487793e-01 1.000000000000000000e+00
-1.184849962592124939e-01 3.830233514308929443e-01 -5.602394938468933105e-01 1.000000000000000000e+00
-1.841720789670944214e-01 3.316167891025543213e-01 -5.000901222229003906e-01 1.000000000000000000e+00
-2.977287769317626953e-02 2.936215400695800781e-01 -6.070477366447448730e-01 1.000000000000000000e+00
2.688905969262123108e-02 2.916671931743621826e-01 -6.148335337638854980e-01 1.000000000000000000e+00
8.333797752857208252e-02 2.937794923782348633e-01 -6.038503050804138184e-01 1.000000000000000000e+00
2.471881955862045288e-01 3.186298012733459473e-01 -4.981757998466491699e-01 1.000000000000000000e+00
1.001148521900177002e-01 3.366847038269042969e-01 -5.885574817657470703e-01 1.000000000000000000e+00
3.898674622178077698e-02 3.393714129924774170e-01 -5.928453207015991211e-01 1.000000000000000000e+00
-2.235500141978263855e-02 3.399360775947570801e-01 -5.904309153556823730e-01 1.000000000000000000e+00
