-7.084059715270996094e-01 -3.793061971664428711e-01
-7.004547715187072754e-01 -1.812153309583663940e-01
-6.627547144889831543e-01 1.584924524649977684e-03
-6.233065128326416016e-01 1.521312892436981201e-01
-5.665799975395202637e-01 3.139906227588653564e-01
-4.822074472904205322e-01 4.627396762371063232e-01
-3.538039028644561768e-01 5.996389389038085938e-01
-1.837544292211532593e-01 7.072376608848571777e-01
-1.577336341142654419e-02 7.337757349014282227e-01
1.605787128210067749e-01 6.887001991271972656e-01
3.365198671817779541e-01 5.869699716567993164e-01
4.787976443767547607e-01 4.501104950904846191e-01
5.808745026588439941e-01 2.848251163959503174e-01
6.486855745315551758e-01 9.144552797079086304e-02
6.868211030960083008e-01 -9.600872546434402466e-02
7.036837935447692871e-01 -2.928210198879241943e-01
7.173833847045898438e-01 -4.849583506584167480e-01
-6.735970973968505859e-01 -4.793550670146942139e-01
-6.206356287002563477e-01 -6.459405422210693359e-01
-4.999471604824066162e-01 -6.753247380256652832e-01
-3.562898337841033936e-01 -6.527026295661926270e-01
-2.279257178306579590e-01 -6.044462323188781738e-01
-2.670866809785366058e-02 -6.124598383903503418e-01
1.027193516492843628e-01 -6.705685853958129883e-01
2.655358910560607910e-01 -7.066031694412231445e-01
4.290786385536193848e-01 -6.927006840705871582e-01
5.435955524444580078e-01 -5.352949500083923340e-01
-1.218063160777091980e-01 -4.400489926338195801e-01
-1.266875267028808594e-01 -2.999584376811981201e-01
-1.337506175041198730e-01 -1.911887228488922119e-01
-1.367885023355484009e-01 -7.962580770254135132e-02
-2.206886559724807739e-01 4.321890696883201599e-02
-1.661976873874664307e-01 5.854519829154014587e-02
-1.079397723078727722e-01 7.509608566761016846e-02
-4.534920677542686462e-02 5.467135831713676453e-02
1.645542867481708527e-02 3.444883227348327637e-02
-5.521775484085083008e-01 -3.896919190883636475e-01
-4.789867103099822998e-01 -4.380232095718383789e-01
-3.846304416656494141e-01 -4.373926818370819092e-01
-2.915139496326446533e-01 -3.892374634742736816e-01
-3.739048838615417480e-01 -3.558383584022521973e-01
-4.662192463874816895e-01 -3.469391763210296631e-01
8.953347057104110718e-02 -4.042092561721801758e-01
1.707664430141448975e-01 -4.572377204895019531e-01
2.671917676925659180e-01 -4.668749570846557617e-01
3.750358521938323975e-01 -4.280147850513458252e-01
2.689757943153381348e-01 -3.773848414421081543e-01
1.728115826845169067e-01 -3.781833648681640625e-01
-2.827757000923156738e-01 3.259920179843902588e-01
-2.354668080806732178e-01 2.665076553821563721e-01
-1.536174565553665161e-01 2.368397265672683716e-01
-9.828141331672668457e-02 2.400868833065032959e-01
-4.008033499121665955e-02 2.325786650180816650e-01
6.214990094304084778e-02 2.539923489093780518e-01
1.561451852321624756e-01 3.000379800796508789e-01
9.297288209199905396e-02 3.598298132419586182e-01
-3.434242913499474525e-03 3.931036591529846191e-01
-6.862042844295501709e-02 4.050704240798950195e-01
-1.348757296800613403e-01 4.010099172592163086e-01
-2.219800502061843872e-01 3.798303008079528809e-01
-2.768048048019409180e-01 3.256659209728240967e-01
-1.409844905138015747e-01 2.950706779956817627e-01
-8.585287630558013916e-02 2.939356267452239990e-01
-2.777588181197643280e-02 2.912987768650054932e-01
1.537414789199829102e-01 2.994915246963500977e-01
-8.375219069421291351e-03 3.226588964462280273e-01
-7.138835638761520386e-02 3.272826969623565674e-01
-1.332348585128784180e-01 3.305656909942626953e-01
