-7.120925188064575195e-01 -4.198902249336242676e-01 2.615520656108856201e-01 1.000000000000000000e+00
-6.796782016754150391e-01 -2.281954735517501831e-01 2.960463166236877441e-01 1.000000000000000000e+00
-6.339912414550781250e-01 -1.401130575686693192e-02 3.229224085807800293e-01 0.000000000000000000e+00
-5.789229273796081543e-01 1.775846332311630249e-01 2.694654166698455811e-01 0.000000000000000000e+00
-5.227820277214050293e-01 3.615751862525939941e-01 1.479436904191970825e-01 0.000000000000000000e+00
-4.426604807376861572e-01 5.154767036437988281e-01 -3.508134558796882629e-02 1.000000000000000000e+00
-3.191925287246704102e-01 6.313749551773071289e-01 -1.715961992740631104e-01 1.000000000000000000e+00
-1.753071099519729614e-01 7.130236029624938965e-01 -3.317307829856872559e-01 1.000000000000000000e+00
5.716512445360422134e-03 7.393285632133483887e-01 -3.709767758846282959e-01 1.000000000000000000e+00
1.615759134292602539e-01 6.909646987915039062e-01 -3.822937905788421631e-01 1.000000000000000000e+00
3.306474387645721436e-01 5.945832133293151855e-01 -2.713021039962768555e-01 1.000000000000000000e+00
4.683398008346557617e-01 4.656456112861633301e-01 -1.782312393188476562e-01 1.000000000000000000e+00
5.759408473968505859e-01 3.032736480236053467e-01 -2.585097961127758026e-02 1.000000000000000000e+00
6.445713639259338379e-01 1.145640239119529724e-01 7.361800968647003174e-02 1.000000000000000000e+00
6.960330009460449219e-01 -7.440774887800216675e-02 1.045515090227127075e-01 1.000000000000000000e+00
7.115676403045654297e-01 -2.901776731014251709e-01 6.105555593967437744e-02 1.000000000000000000e+00
7.316232323646545410e-01 -4.835065007209777832e-01 2.314569242298603058e-02 1.000000000000000000e+00
-6.735970973968505859e-01 -4.793550670146942139e-01 -2.206646651029586792e-01 1.000000000000000000e+00
-6.206356287002563477e-01 -6.459405422210693359e-01 -4.029372632503509521e-01 1.000000000000000000e+00
-4.999471604824066162e-01 -6.753247380256652832e-01 -5.604710578918457031e-01 1.000000000000000000e+00
-3.562898337841033936e-01 -6.527026295661926270e-01 -6.510851979255676270e-01 1.000000000000000000e+00
-2.279257178306579590e-01 -6.044462323188781738e-01 -6.885278224945068359e-01 1.000000000000000000e+00
-2.670866809785366058e-02 -6.124598383903503418e-01 -7.214820981025695801e-01 1.000000000000000000e+00
1.027193516492843628e-01 -6.705685853958129883e-01 -7.276607751846313477e-01 1.000000000000000000e+00
2.655358910560607910e-01 -7.066031694412231445e-01 -6.839009523391723633e-01 1.000000000000000000e+00
4.290786385536193848e-01 -6.927006840705871582e-01 -5.667462348937988281e-01 1.000000000000000000e+00
5.435955524444580078e-01 -5.352949500083923340e-01 -4.119596481323242188e-01 1.000000000000000000e+00
-1.218063160777091980e-01 -4.400489926338195801e-01 -7.157803177833557129e-01 1.000000000000000000e+00
-1.266875267028808594e-01 -2.999584376811981201e-01 -7.882006764411926270e-01 1.000000000000000000e+00
-1.337506175041198730e-01 -1.911887228488922119e-01 -8.539246916770935059e-01 1.000000000000000000e+00
-1.367885023355484009e-01 -7.962580770254135132e-02 -9.039153456687927246e-01 1.000000000000000000e+00
-2.206886559724807739e-01 4.321890696883201599e-02 -6.719528436660766602e-01 1.000000000000000000e+00
-1.661976873874664307e-01 5.854519829154014587e-02 -7.094398736953735352e-01 1.000000000000000000e+00
-1.079397723078727722e-01 7.509608566761016846e-02 -7.377156019210815430e-01 1.000000000000000000e+00
-4.534920677542686462e-02 5.467135831713676453e-02 -7.292885184288024902e-01 1.000000000000000000e+00
1.645542867481708527e-02 3.444883227348327637e-02 -7.105855345726013184e-01 1.000000000000000000e+00
-5.521775484085083008e-01 -3.896919190883636475e-01 -4.186662733554840088e-01 1.000000000000000000e+00
-4.789867103099822998e-01 -4.380232095718383789e-01 -5.322344303131103516e-01 1.000000000000000000e+00
-3.846304416656494141e-01 -4.373926818370819092e-01 -5.549361109733581543e-01 1.000000000000000000e+00
-2.915139496326446533e-01 -3.892374634742736816e-01 -5.370140075683593750e-01 1.000000000000000000e+00
-3.739048838615417480e-01 -3.558383584022521973e-01 -5.327472686767578125e-01 1.000000000000000000e+00
-4.662192463874816895e-01 -3.469391763210296631e-01 -5.065996050834655762e-01 1.000000000000000000e+00
8.953347057104110718e-02 -4.042092561721801758e-01 -6.012288928031921387e-01 1.000000000000000000e+00
1.707664430141448975e-01 -4.572377204895019531e-01 -6.465777754783630371e-01 1.000000000000000000e+00
2.671917676925659180e-01 -4.668749570846557617e-01 -6.542837619781494141e-01 1.000000000000000000e+00
3.750358521938323975e-01 -4.280147850513458252e-01 -5.684057474136352539e-01 1.000000000000000000e+00
2.689757943153381348e-01 -3.773848414421081543e-01 -6.270024776458740234e-01 1.000000000000000000e+00
1.728115826845169067e-01 -3.781833648681640625e-01 -6.234773397445678711e-01 1.000000000000000000e+00
-2.827757000923156738e-01 3.259920179843902588e-01 -5.145583748817443848e-01 1.000000000000000000e+00
-2.354668080806732178e-01 2.665076553821563721e-01 -6.373821496963500977e-01 1.000000000000000000e+00
-1.536174565553665161e-01 2.368397265672683716e-01 -7.095931768417358398e-01 1.000000000000000000e+00
-9.828141331672668457e-02 2.400868833065032959e-01 -7.262994050979614258e-01 1.000000000000000000e+00
-4.008033499121665955e-02 2.325786650180816650e-01 -7.278726100921630859e-01 1.000000000000000000e+00
6.214990094304084778e-02 2.539923489093780518e-01 -6.827611923217773438e-01 1.000000000000000000e+00
1.561451852321624756e-01 3.000379800796508789e-01 -5.829071402549743652e-01 1.000000000000000000e+00
9.297288209199905396e-02 3.598298132419586182e-01 -6.277471780776977539e-01 1.000000000000000000e+00
-3.434242913499474525e-03 3.931036591529846191e-01 -6.648951768875122070e-01 1.000000000000000000e+00
-6.862042844295501709e-02 4.050704240798950195e-01 -6.586682796478271484e-01 1.000000000000000000e+00
-1.348757296800613403e-01 4.010099172592163086e-01 -6.427098512649536133e-01 1.000000000000000000e+00
-2.219800502061843872e-01 3.798303008079528809e-01 -5.803681612014770508e-01 1.000000000000000000e+00
-2.768048048019409180e-01 3.256659209728240967e-01 -5.116319060325622559e-01 1.000000000000000000e+00
-1.409844905138015747e-01 2.950706779956817627e-01 -6.468396782875061035e-01 1.000000000000000000e+00
-8.585287630558013916e-02 2.939356267452239990e-01 -6.646835207939147949e-01 1.000000000000000000e+00
-2.777588181197643280e-02 2.912987768650054932e-01 -6.631826162338256836e-01 1.000000000000000000e+00
1.537414789199829102e-01 2.994915246963500977e-01 -5.825681686401367188e-01 1.000000000000000000e+00
-8.375219069421291351e-03 3.226588964462280273e-01 -6.496225595474243164e-01 1.000000000000000000e+00
-7.138835638761520386e-02 3.272826969623565674e-01 -6.428351998329162598e-01 1.000000000000000000e+00
-1.332348585128784180e-01 3.305656909942626953e-01 -6.295037865638732910e-01 1.000000000000000000e+00
