-6.868004798889160156e-01 -4.299774467945098877e-01 3.331632912158966064e-01 0.000000000000000000e+00
-6.599757671356201172e-01 -2.365472167730331421e-01 3.715564906597137451e-01 0.000000000000000000e+00
-6.221280097961425781e-01 -1.942849531769752502e-02 3.980463445186614990e-01 0.000000000000000000e+00
-5.964394211769104004e-01 1.714166849851608276e-01 3.432739973068237305e-01 0.000000000000000000e+00
-5.484065413475036621e-01 3.556370735168457031e-01 2.101380527019500732e-01 0.000000000000000000e+00
-4.754199087619781494e-01 5.176228284835815430e-01 5.555511917918920517e-03 1.000000000000000000e+00
-3.650974929332733154e-01 6.500821709632873535e-01 -1.590151935815811157e-01 1.000000000000000000e+00
-2.258645147085189819e-01 7.402636408805847168e-01 -3.365549743175506592e-01 1.000000000000000000e+00
-3.264469653367996216e-02 7.681724429130554199e-01 -4.008797109127044678e-01 1.000000000000000000e+00
1.342511475086212158e-01 7.146334648132324219e-01 -4.247289001941680908e-01 1.000000000000000000e+00
3.225984275341033936e-01 6.067047715187072754e-01 -3.285657465457916260e-01 1.000000000000000000e+00
4.736177623271942139e-01 4.597880542278289795e-01 -2.317701578140258789e-01 1.000000000000000000e+00
6.055957078933715820e-01 2.865307033061981201e-01 -8.167606592178344727e-02 1.000000000000000000e+00
6.810145974159240723e-01 9.448404610157012939e-02 1.810512319207191467e-02 1.000000000000000000e+00
7.154892086982727051e-01 -9.205766767263412476e-02 5.175810307264328003e-02 1.000000000000000000e+00
7.143419384956359863e-01 -3.100141584873199463e-01 7.728769443929195404e-03 1.000000000000000000e+00
7.104437947273254395e-01 -5.047354102134704590e-01 -3.457398340106010437e-02 1.000000000000000000e+00
-6.782857179641723633e-01 -4.848081767559051514e-01 -1.462494581937789917e-01 1.000000000000000000e+00
-6.429563760757446289e-01 -6.398373246192932129e-01 -3.333984613418579102e-01 1.000000000000000000e+00
-5.385263562202453613e-01 -6.668847799301147461e-01 -5.004208087921142578e-01 1.000000000000000000e+00
-4.076707065105438232e-01 -6.489577293395996094e-01 -6.011942028999328613e-01 1.000000000000000000e+00
-2.854307293891906738e-01 -6.097511053085327148e-01 -6.467633843421936035e-01 1.000000000000000000e+00
-9.914301335811614990e-02 -6.184942722320556641e-01 -6.979476213455200195e-01 1.000000000000000000e+00
2.370629645884037018e-02 -6.694086790084838867e-01 -7.201796174049377441e-01 1.000000000000000000e+00
1.831878572702407837e-01 -7.029440402984619141e-01 -6.926645040512084961e-01 1.000000000000000000e+00
3.515475690364837646e-01 -6.931437253952026367e-01 -5.893064737319946289e-01 1.000000000000000000e+00
4.819643497467041016e-01 -5.488471984863281250e-01 -4.458296895027160645e-01 1.000000000000000000e+00
-1.869363784790039062e-01 -4.693860411643981934e-01 -6.875909566879272461e-01 1.000000000000000000e+00
-2.003805339336395264e-01 -3.372866809368133545e-01 -7.633729577064514160e-01 1.000000000000000000e+00
-2.136116027832031250e-01 -2.276599556207656860e-01 -8.298704624176025391e-01 1.000000000000000000e+00
-2.210101038217544556e-01 -1.137285605072975159e-01 -8.822341561317443848e-01 1.000000000000000000e+00
-2.829167246818542480e-01 3.249854489695280790e-04 -6.319273710250854492e-01 1.000000000000000000e+00
-2.316277623176574707e-01 1.707259751856327057e-02 -6.781497001647949219e-01 1.000000000000000000e+00
-1.769666373729705811e-01 3.479348123073577881e-02 -7.135343551635742188e-01 1.000000000000000000e+00
-1.146836653351783752e-01 1.274887379258871078e-02 -7.112956643104553223e-01 1.000000000000000000e+00
-5.046920105814933777e-02 -8.553077466785907745e-03 -6.943336725234985352e-01 1.000000000000000000e+00
-5.649620890617370605e-01 -4.060454070568084717e-01 -3.420990407466888428e-01 1.000000000000000000e+00
-5.040193796157836914e-01 -4.473603963851928711e-01 -4.574655294418334961e-01 1.000000000000000000e+00
-4.133513271808624268e-01 -4.508800506591796875e-01 -4.858312010765075684e-01 1.000000000000000000e+00
-3.168182969093322754e-01 -4.159660935401916504e-01 -4.757101833820343018e-01 1.000000000000000000e+00
-4.015488922595977783e-01 -3.799617290496826172e-01 -4.684670865535736084e-01 1.000000000000000000e+00
-4.883368313312530518e-01 -3.700506985187530518e-01 -4.352670013904571533e-01 1.000000000000000000e+00
2.149834856390953064e-02 -4.322434663772583008e-01 -5.695534944534301758e-01 1.000000000000000000e+00
9.848614037036895752e-02 -4.744810163974761963e-01 -6.241217851638793945e-01 1.000000000000000000e+00
1.916888058185577393e-01 -4.806301295757293701e-01 -6.430587768554687500e-01 1.000000000000000000e+00
3.021712899208068848e-01 -4.489827454090118408e-01 -5.689744353294372559e-01 1.000000000000000000e+00
1.939907670021057129e-01 -4.030808508396148682e-01 -6.163768172264099121e-01 1.000000000000000000e+00
1.019536480307579041e-01 -4.041462540626525879e-01 -6.039302945137023926e-01 1.000000000000000000e+00
-3.307921886444091797e-01 3.109600245952606201e-01 -4.879774451255798340e-01 1.000000000000000000e+00
-2.981925606727600098e-01 2.392428368330001831e-01 -6.129342913627624512e-01 1.000000000000000000e+00
-2.222718745470046997e-01 2.052741199731826782e-01 -6.926599740982055664e-01 1.000000000000000000e+00
-1.671648025512695312e-01 2.078358680009841919e-01 -7.149966359138488770e-01 1.000000000000000000e+00
-1.077655851840972900e-01 2.010549753904342651e-01 -7.241893410682678223e-01 1.000000000000000000e+00
1.106620999053120613e-03 2.270890921354293823e-01 -6.908427476882934570e-01 1.000000000000000000e+00
1.027351468801498413e-01 2.872017621994018555e-01 -6.012542843818664551e-01 1.000000000000000000e+00
3.531087189912796021e-02 3.527224957942962646e-01 -6.366279125213623047e-01 1.000000000000000000e+00
-6.316421926021575928e-02 3.855491578578948975e-01 -6.610036492347717285e-01 1.000000000000000000e+00
-1.270580887794494629e-01 3.960716426372528076e-01 -6.480006575584411621e-01 1.000000000000000000e+00
-1.913353055715560913e-01 3.919902443885803223e-01 -6.260901093482971191e-01 1.000000000000000000e+00
-2.734911143779754639e-01 3.707830607891082764e-01 -5.593907833099365234e-01 1.000000000000000000e+00
-3.241677582263946533e-01 3.098960816860198975e-01 -4.851400852203369141e-01 1.000000000000000000e+00
-2.028040289878845215e-01 2.675575017929077148e-01 -6.303874254226684570e-01 1.000000000000000000e+00
-1.476499140262603760e-01 2.637886106967926025e-01 -6.532303690910339355e-01 1.000000000000000000e+00
-8.798206597566604614e-02 2.659696042537689209e-01 -6.598583459854125977e-01 1.000000000000000000e+00
1.004727408289909363e-01 2.864193320274353027e-01 -6.004213690757751465e-01 1.000000000000000000e+00
-6.549161672592163086e-02 3.156585693359375000e-01 -6.430446505546569824e-01 1.000000000000000000e+00
-1.263870298862457275e-01 3.198111653327941895e-01 -6.306268572807312012e-01 1.000000000000000000e+00
-1.879220753908157349e-01 3.227003812789916992e-01 -6.114277839660644531e-01 1.000000000000000000e+00
