-6.871771216392517090e-01 -3.805959224700927734e-01
-6.909945607185363770e-01 -2.006286978721618652e-01
-6.543722748756408691e-01 -2.004428580403327942e-02
-6.282021403312683105e-01 1.374011039733886719e-01
-5.814855694770812988e-01 2.995952367782592773e-01
-5.114958286285400391e-01 4.550324380397796631e-01
-4.045989513397216797e-01 6.073499917984008789e-01
-2.364297807216644287e-01 7.355326414108276367e-01
-6.203540042042732239e-02 7.623291015625000000e-01
1.342620998620986938e-01 7.134138941764831543e-01
3.252042531967163086e-01 6.044394373893737793e-01
4.753720760345458984e-01 4.534851312637329102e-01
6.042941808700561523e-01 2.789348661899566650e-01
6.816806793212890625e-01 8.306717127561569214e-02
7.068127989768981934e-01 -1.059738248586654663e-01
7.071010470390319824e-01 -3.097357153892517090e-01
7.053257226943969727e-01 -5.074315071105957031e-01
-6.782857179641723633e-01 -4.848081767559051514e-01
-6.429563760757446289e-01 -6.398373246192932129e-01
-5.385263562202453613e-01 -6.668847799301147461e-01
-4.076707065105438232e-01 -6.489577293395996094e-01
-2.854307293891906738e-01 -6.097511053085327148e-01
-9.914301335811614990e-02 -6.184942722320556641e-01
2.370629645884037018e-02 -6.694086790084838867e-01
1.831878572702407837e-01 -7.029440402984619141e-01
3.515475690364837646e-01 -6.931437253952026367e-01
4.819643497467041016e-01 -5.488471984863281250e-01
-1.869363784790039062e-01 -4.693860411643981934e-01
-2.003805339336395264e-01 -3.372866809368133545e-01
-2.136116027832031250e-01 -2.276599556207656860e-01
-2.210101038217544556e-01 -1.137285605072975159e-01
-2.829167246818542480e-01 3.249854489695280790e-04
-2.316277623176574707e-01 1.707259751856327057e-02
-1.769666373729705811e-01 3.479348123073577881e-02
-1.146836653351783752e-01 1.274887379258871078e-02
-5.046920105814933777e-02 -8.553077466785907745e-03
-5.649620890617370605e-01 -4.060454070568084717e-01
-5.040193796157836914e-01 -4.473603963851928711e-01
-4.133513271808624268e-01 -4.508800506591796875e-01
-3.168182969093322754e-01 -4.159660935401916504e-01
-4.015488922595977783e-01 -3.799617290496826172e-01
-4.883368313312530518e-01 -3.700506985187530518e-01
2.149834856390953064e-02 -4.322434663772583008e-01
9.848614037036895752e-02 -4.744810163974761963e-01
1.916888058185577393e-01 -4.806301295757293701e-01
3.021712899208068848e-01 -4.489827454090118408e-01
1.939907670021057129e-01 -4.030808508396148682e-01
1.019536480307579041e-01 -4.041462540626525879e-01
-3.307921886444091797e-01 3.109600245952606201e-01
-2.981925606727600098e-01 2.392428368330001831e-01
-2.222718745470046997e-01 2.052741199731826782e-01
-1.671648025512695312e-01 2.078358680009841919e-01
-1.077655851840972900e-01 2.010549753904342651e-01
1.106620999053120613e-03 2.270890921354293823e-01
1.027351468801498413e-01 2.872017621994018555e-01
3.531087189912796021e-02 3.527224957942962646e-01
-6.316421926021575928e-02 3.855491578578948975e-01
-1.270580887794494629e-01 3.960716426372528076e-01
-1.913353055715560913e-01 3.919902443885803223e-01
-2.734911143779754639e-01 3.707830607891082764e-01
-3.241677582263946533e-01 3.098960816860198975e-01
-2.028040289878845215e-01 2.675575017929077148e-01
-1.476499140262603760e-01 2.637886106967926025e-01
-8.798206597566604614e-02 2.659696042537689209e-01
1.004727408289909363e-01 2.864193320274353027e-01
-6.549161672592163086e-02 3.156585693359375000e-01
-1.263870298862457275e-01 3.198111653327941895e-01
-1.879220753908157349e-01 3.227003812789916992e-01
