-7.080992460250854492e-01 -3.795044422149658203e-01
-7.002390027046203613e-01 -1.814064383506774902e-01
-6.629154086112976074e-01 7.240208797156810760e-04
-6.237177848815917969e-01 1.509559154510498047e-01
-5.672623515129089355e-01 3.129056394100189209e-01
-4.836931228637695312e-01 4.622059464454650879e-01
-3.560447692871093750e-01 6.009564399719238281e-01
-1.864863634109497070e-01 7.112221121788024902e-01
-1.798989810049533844e-02 7.392390370368957520e-01
1.591683626174926758e-01 6.947442293167114258e-01
3.354013264179229736e-01 5.924013853073120117e-01
4.780209958553314209e-01 4.542250931262969971e-01
5.806623101234436035e-01 2.877311706542968750e-01
6.485841274261474609e-01 9.308649599552154541e-02
6.871425509452819824e-01 -9.470830112695693970e-02
7.039096951484680176e-01 -2.919488847255706787e-01
7.176566720008850098e-01 -4.841797649860382080e-01
-6.736351251602172852e-01 -4.798082411289215088e-01
-6.210944056510925293e-01 -6.478800773620605469e-01
-5.011800527572631836e-01 -6.772165298461914062e-01
-3.575561344623565674e-01 -6.541052460670471191e-01
-2.287937849760055542e-01 -6.047832369804382324e-01
-2.649982273578643799e-02 -6.123178601264953613e-01
1.033441424369812012e-01 -6.713790297508239746e-01
2.662949264049530029e-01 -7.081786990165710449e-01
4.296409785747528076e-01 -6.940384507179260254e-01
5.438110232353210449e-01 -5.348873734474182129e-01
-1.218229755759239197e-01 -4.388321042060852051e-01
-1.268765777349472046e-01 -2.982127368450164795e-01
-1.339590698480606079e-01 -1.887922435998916626e-01
-1.368289887905120850e-01 -7.665096223354339600e-02
-2.206439375877380371e-01 4.729040339589118958e-02
-1.661581099033355713e-01 6.196738034486770630e-02
-1.078491955995559692e-01 7.840376347303390503e-02
-4.534375295042991638e-02 5.819445103406906128e-02
1.627415046095848083e-02 3.867148607969284058e-02
-5.531538724899291992e-01 -3.926981687545776367e-01
-4.810693562030792236e-01 -4.486339390277862549e-01
-3.847925662994384766e-01 -4.465281367301940918e-01
-2.916211187839508057e-01 -3.905799686908721924e-01
-3.733274340629577637e-01 -3.559142947196960449e-01
-4.657619893550872803e-01 -3.475261628627777100e-01
8.929511904716491699e-02 -4.054722189903259277e-01
1.692553907632827759e-01 -4.666527807712554932e-01
2.676848173141479492e-01 -4.780577123165130615e-01
3.757336139678955078e-01 -4.307832121849060059e-01
2.686916291713714600e-01 -3.775931000709533691e-01
1.723237782716751099e-01 -3.779894709587097168e-01
-2.814961671829223633e-01 3.296768963336944580e-01
-2.345521003007888794e-01 2.710052132606506348e-01
-1.534758359193801880e-01 2.408589273691177368e-01
-9.844142943620681763e-02 2.437790185213088989e-01
-4.053744301199913025e-02 2.368189394474029541e-01
6.123915687203407288e-02 2.591871619224548340e-01
1.554473191499710083e-01 3.062642514705657959e-01
9.297912567853927612e-02 3.654166758060455322e-01
-2.705375431105494499e-03 3.982191681861877441e-01
-6.750337034463882446e-02 4.096271395683288574e-01
-1.333623677492141724e-01 4.051255583763122559e-01
-2.202685028314590454e-01 3.831655383110046387e-01
-2.755135297775268555e-01 3.293383121490478516e-01
-1.408450305461883545e-01 2.999334633350372314e-01
-8.625396341085433960e-02 2.986741662025451660e-01
-2.850118838250637054e-02 2.964388132095336914e-01
1.530288010835647583e-01 3.056605160236358643e-01
-7.218303624540567398e-03 3.283326327800750732e-01
-6.996275484561920166e-02 3.326205611228942871e-01
-1.311816275119781494e-01 3.352000117301940918e-01
