-7.120068669319152832e-01 -4.200656712055206299e-01 2.597966194152832031e-01 1.000000000000000000e+00
-6.796841621398925781e-01 -2.285546660423278809e-01 2.942737340927124023e-01 1.000000000000000000e+00
-6.343000531196594238e-01 -1.470189075917005539e-02 3.210272490978240967e-01 0.000000000000000000e+00
-5.799106955528259277e-01 1.767791509628295898e-01 2.675042152404785156e-01 0.000000000000000000e+00
-5.245866775512695312e-01 3.612506687641143799e-01 1.461759805679321289e-01 0.000000000000000000e+00
-4.449542462825775146e-01 5.157550573348999023e-01 -3.696050122380256653e-02 1.000000000000000000e+00
-3.219946622848510742e-01 6.333376765251159668e-01 -1.722914129495620728e-01 1.000000000000000000e+00
-1.782840043306350708e-01 7.172952294349670410e-01 -3.307893276214599609e-01 1.000000000000000000e+00
3.383938921615481377e-03 7.449974417686462402e-01 -3.688701689243316650e-01 1.000000000000000000e+00
1.601994037628173828e-01 6.970908045768737793e-01 -3.800006508827209473e-01 1.000000000000000000e+00
3.295230567455291748e-01 6.000704765319824219e-01 -2.699420750141143799e-01 1.000000000000000000e+00
4.675463438034057617e-01 4.698581993579864502e-01 -1.778182238340377808e-01 1.000000000000000000e+00
5.756719708442687988e-01 3.061045110225677490e-01 -2.581399865448474884e-02 1.000000000000000000e+00
6.442759633064270020e-01 1.160852238535881042e-01 7.333377748727798462e-02 1.000000000000000000e+00
6.959945559501647949e-01 -7.341420650482177734e-02 1.040960922837257385e-01 1.000000000000000000e+00
7.117384076118469238e-01 -2.894814908504486084e-01 6.018979102373123169e-02 1.000000000000000000e+00
7.318301796913146973e-01 -4.829024970531463623e-01 2.205224521458148956e-02 1.000000000000000000e+00
-6.736351251602172852e-01 -4.798082411289215088e-01 -2.218470126390457153e-01 1.000000000000000000e+00
-6.210944056510925293e-01 -6.478800773620605469e-01 -4.034718275070190430e-01 1.000000000000000000e+00
-5.011800527572631836e-01 -6.772165298461914062e-01 -5.615942478179931641e-01 1.000000000000000000e+00
-3.575561344623565674e-01 -6.541052460670471191e-01 -6.525480747222900391e-01 1.000000000000000000e+00
-2.287937849760055542e-01 -6.047832369804382324e-01 -6.901133060455322266e-01 1.000000000000000000e+00
-2.649982273578643799e-02 -6.123178601264953613e-01 -7.232456803321838379e-01 1.000000000000000000e+00
1.033441424369812012e-01 -6.713790297508239746e-01 -7.298295497894287109e-01 1.000000000000000000e+00
2.662949264049530029e-01 -7.081786990165710449e-01 -6.853153705596923828e-01 1.000000000000000000e+00
4.296409785747528076e-01 -6.940384507179260254e-01 -5.674956440925598145e-01 1.000000000000000000e+00
5.438110232353210449e-01 -5.348873734474182129e-01 -4.129069745540618896e-01 1.000000000000000000e+00
-1.218229755759239197e-01 -4.388321042060852051e-01 -7.166543006896972656e-01 1.000000000000000000e+00
-1.268765777349472046e-01 -2.982127368450164795e-01 -7.891590595245361328e-01 1.000000000000000000e+00
-1.339590698480606079e-01 -1.887922435998916626e-01 -8.546462655067443848e-01 1.000000000000000000e+00
-1.368289887905120850e-01 -7.665096223354339600e-02 -9.042937159538269043e-01 1.000000000000000000e+00
-2.206439375877380371e-01 4.729040339589118958e-02 -6.726282238960266113e-01 1.000000000000000000e+00
-1.661581099033355713e-01 6.196738034486770630e-02 -7.098084092140197754e-01 1.000000000000000000e+00
-1.078491955995559692e-01 7.840376347303390503e-02 -7.381522655487060547e-01 1.000000000000000000e+00
-4.534375295042991638e-02 5.819445103406906128e-02 -7.294961810111999512e-01 1.000000000000000000e+00
1.627415046095848083e-02 3.867148607969284058e-02 -7.109130024909973145e-01 1.000000000000000000e+00
-5.531538724899291992e-01 -3.926981687545776367e-01 -4.188790023326873779e-01 1.000000000000000000e+00
-4.810693562030792236e-01 -4.486339390277862549e-01 -5.339044332504272461e-01 1.000000000000000000e+00
-3.847925662994384766e-01 -4.465281367301940918e-01 -5.576217770576477051e-01 1.000000000000000000e+00
-2.916211187839508057e-01 -3.905799686908721924e-01 -5.378820300102233887e-01 1.000000000000000000e+00
-3.733274340629577637e-01 -3.559142947196960449e-01 -5.327624678611755371e-01 1.000000000000000000e+00
-4.657619893550872803e-01 -3.475261628627777100e-01 -5.064336657524108887e-01 1.000000000000000000e+00
8.929511904716491699e-02 -4.054722189903259277e-01 -6.022548675537109375e-01 1.000000000000000000e+00
1.692553907632827759e-01 -4.666527807712554932e-01 -6.493583321571350098e-01 1.000000000000000000e+00
2.676848173141479492e-01 -4.780577123165130615e-01 -6.569162607192993164e-01 1.000000000000000000e+00
3.757336139678955078e-01 -4.307832121849060059e-01 -5.689068436622619629e-01 1.000000000000000000e+00
2.686916291713714600e-01 -3.775931000709533691e-01 -6.268977522850036621e-01 1.000000000000000000e+00
1.723237782716751099e-01 -3.779894709587097168e-01 -6.237288713455200195e-01 1.000000000000000000e+00
-2.814961671829223633e-01 3.296768963336944580e-01 -5.166601538658142090e-01 1.000000000000000000e+00
-2.345521003007888794e-01 2.710052132606506348e-01 -6.394885778427124023e-01 1.000000000000000000e+00
-1.534758359193801880e-01 2.408589273691177368e-01 -7.112119793891906738e-01 1.000000000000000000e+00
-9.844142943620681763e-02 2.437790185213088989e-01 -7.278919219970703125e-01 1.000000000000000000e+00
-4.053744301199913025e-02 2.368189394474029541e-01 -7.293825745582580566e-01 1.000000000000000000e+00
6.123915687203407288e-02 2.591871619224548340e-01 -6.843991875648498535e-01 1.000000000000000000e+00
1.554473191499710083e-01 3.062642514705657959e-01 -5.835492610931396484e-01 1.000000000000000000e+00
9.297912567853927612e-02 3.654166758060455322e-01 -6.277815699577331543e-01 1.000000000000000000e+00
-2.705375431105494499e-03 3.982191681861877441e-01 -6.649097800254821777e-01 1.000000000000000000e+00
-6.750337034463882446e-02 4.096271395683288574e-01 -6.593387722969055176e-01 1.000000000000000000e+00
-1.333623677492141724e-01 4.051255583763122559e-01 -6.438497304916381836e-01 1.000000000000000000e+00
-2.202685028314590454e-01 3.831655383110046387e-01 -5.822230577468872070e-01 1.000000000000000000e+00
-2.755135297775268555e-01 3.293383121490478516e-01 -5.137304067611694336e-01 1.000000000000000000e+00
-1.408450305461883545e-01 2.999334633350372314e-01 -6.494048237800598145e-01 1.000000000000000000e+00
-8.625396341085433960e-02 2.986741662025451660e-01 -6.672523617744445801e-01 1.000000000000000000e+00
-2.850118838250637054e-02 2.964388132095336914e-01 -6.653354763984680176e-01 1.000000000000000000e+00
1.530288010835647583e-01 3.056605160236358643e-01 -5.831931829452514648e-01 1.000000000000000000e+00
-7.218303624540567398e-03 3.283326327800750732e-01 -6.508913040161132812e-01 1.000000000000000000e+00
-6.996275484561920166e-02 3.326205611228942871e-01 -6.443638205528259277e-01 1.000000000000000000e+00
-1.311816275119781494e-01 3.352000117301940918e-01 -6.315001845359802246e-01 1.000000000000000000e+00
