-7.297883629798889160e-01 -3.550655841827392578e-01
-7.072390913963317871e-01 -1.614971309900283813e-01
-6.905971765518188477e-01 2.409742213785648346e-02
-6.567135453224182129e-01 2.037609070539474487e-01
-5.811148285865783691e-01 3.694772124290466309e-01
-4.833171367645263672e-01 5.229124426841735840e-01
-3.305998742580413818e-01 6.482827663421630859e-01
-1.370445787906646729e-01 7.256652116775512695e-01
4.360002651810646057e-02 7.513030171394348145e-01
2.180517762899398804e-01 7.099461555480957031e-01
4.025164842605590820e-01 6.206716895103454590e-01
5.290587544441223145e-01 4.821351170539855957e-01
6.103081703186035156e-01 3.258240520954132080e-01
6.653965115547180176e-01 1.584692001342773438e-01
6.848923563957214355e-01 -1.873219944536685944e-02
6.933512687683105469e-01 -2.019466608762741089e-01
7.085413336753845215e-01 -3.944627046585083008e-01
-6.085892915725708008e-01 -4.430273473262786865e-01
-5.166438221931457520e-01 -6.122726798057556152e-01
-3.741148114204406738e-01 -6.451355814933776855e-01
-2.225014716386795044e-01 -6.257007718086242676e-01
-9.382640570402145386e-02 -5.787254571914672852e-01
9.892044216394424438e-02 -5.839077234268188477e-01
2.243640869855880737e-01 -6.378676891326904297e-01
3.723174333572387695e-01 -6.665938496589660645e-01
5.104002952575683594e-01 -6.439211368560791016e-01
6.034197807312011719e-01 -4.809115827083587646e-01
8.269886486232280731e-03 -4.150450825691223145e-01
1.410330738872289658e-02 -2.849495112895965576e-01
1.732001826167106628e-02 -1.887740790843963623e-01
2.176914364099502563e-02 -8.843683451414108276e-02
-1.022103577852249146e-01 4.006913304328918457e-02
-4.068649932742118835e-02 5.201300606131553650e-02
1.901077106595039368e-02 6.683292984962463379e-02
7.757394760847091675e-02 4.976654797792434692e-02
1.360795050859451294e-01 3.523368015885353088e-02
-4.490441977977752686e-01 -3.680350482463836670e-01
-3.618052899837493896e-01 -4.268962442874908447e-01
-2.639457583427429199e-01 -4.238879382610321045e-01
-1.763281822204589844e-01 -3.683310151100158691e-01
-2.574441432952880859e-01 -3.369851708412170410e-01
-3.498043715953826904e-01 -3.298687338829040527e-01
1.852112561464309692e-01 -3.784071505069732666e-01
2.709409892559051514e-01 -4.379101097583770752e-01
3.682249188423156738e-01 -4.474568367004394531e-01
4.554684758186340332e-01 -3.931607306003570557e-01
3.608714640140533447e-01 -3.491514027118682861e-01
2.688183486461639404e-01 -3.513348996639251709e-01
-1.915989816188812256e-01 3.285122215747833252e-01
-1.243215873837471008e-01 2.628341317176818848e-01
-3.155401721596717834e-02 2.291668504476547241e-01
2.558999694883823395e-02 2.317112684249877930e-01
8.309168368577957153e-02 2.268477380275726318e-01
1.761465966701507568e-01 2.565626204013824463e-01
2.503376007080078125e-01 3.153785169124603271e-01
1.911812424659729004e-01 3.686852157115936279e-01
1.042407900094985962e-01 3.961072266101837158e-01
4.091718047857284546e-02 4.051074683666229248e-01
-2.521957270801067352e-02 3.993947505950927734e-01
-1.196120455861091614e-01 3.788305819034576416e-01
-1.857167631387710571e-01 3.284410536289215088e-01
-3.007054701447486877e-02 2.929696738719940186e-01
2.692198753356933594e-02 2.911046445369720459e-01
8.374121040105819702e-02 2.930166721343994141e-01
2.478471845388412476e-01 3.147597014904022217e-01
9.934812784194946289e-02 3.311792612075805664e-01
3.795851022005081177e-02 3.340067863464355469e-01
-2.366280183196067810e-02 3.348343968391418457e-01
