-7.393147945404052734e-01 -3.558158278465270996e-01 2.264362871646881104e-01 1.000000000000000000e+00
-7.179006934165954590e-01 -1.632716655731201172e-01 2.536355555057525635e-01 1.000000000000000000e+00
-6.923931241035461426e-01 5.372592434287071228e-02 2.691061794757843018e-01 1.000000000000000000e+00
-6.607744097709655762e-01 2.421067357063293457e-01 2.129765599966049194e-01 1.000000000000000000e+00
-5.798279643058776855e-01 4.116137325763702393e-01 8.805347234010696411e-02 1.000000000000000000e+00
-4.672696888446807861e-01 5.545361042022705078e-01 -9.631463140249252319e-02 1.000000000000000000e+00
-3.142085373401641846e-01 6.648401021957397461e-01 -2.194820046424865723e-01 1.000000000000000000e+00
-1.346565186977386475e-01 7.296687364578247070e-01 -3.511533737182617188e-01 1.000000000000000000e+00
5.550749227404594421e-02 7.618402838706970215e-01 -3.621019124984741211e-01 1.000000000000000000e+00
2.153774052858352661e-01 7.140750885009765625e-01 -3.390243053436279297e-01 1.000000000000000000e+00
3.815669417381286621e-01 6.416766643524169922e-01 -2.017471641302108765e-01 1.000000000000000000e+00
5.127143859863281250e-01 5.192720293998718262e-01 -7.465878129005432129e-02 1.000000000000000000e+00
6.051330566406250000e-01 3.713358044624328613e-01 1.110861450433731079e-01 1.000000000000000000e+00
6.641615629196166992e-01 1.967206746339797974e-01 2.376347631216049194e-01 0.000000000000000000e+00
6.819233298301696777e-01 1.125566288828849792e-02 2.876017987728118896e-01 1.000000000000000000e+00
6.984910368919372559e-01 -2.059612721204757690e-01 2.607380151748657227e-01 1.000000000000000000e+00
7.164072990417480469e-01 -3.997448980808258057e-01 2.356122285127639771e-01 1.000000000000000000e+00
-6.085892915725708008e-01 -4.430273473262786865e-01 -2.236673533916473389e-01 1.000000000000000000e+00
-5.166438221931457520e-01 -6.122726798057556152e-01 -3.739431202411651611e-01 1.000000000000000000e+00
-3.741148114204406738e-01 -6.451355814933776855e-01 -5.047799348831176758e-01 1.000000000000000000e+00
-2.225014716386795044e-01 -6.257007718086242676e-01 -5.684328079223632812e-01 1.000000000000000000e+00
-9.382640570402145386e-02 -5.787254571914672852e-01 -5.813422799110412598e-01 1.000000000000000000e+00
9.892044216394424438e-02 -5.839077234268188477e-01 -5.812845230102539062e-01 1.000000000000000000e+00
2.243640869855880737e-01 -6.378676891326904297e-01 -5.704928040504455566e-01 1.000000000000000000e+00
3.723174333572387695e-01 -6.665938496589660645e-01 -5.025979280471801758e-01 1.000000000000000000e+00
5.104002952575683594e-01 -6.439211368560791016e-01 -3.641153573989868164e-01 1.000000000000000000e+00
6.034197807312011719e-01 -4.809115827083587646e-01 -2.123181223869323730e-01 1.000000000000000000e+00
8.269886486232280731e-03 -4.150450825691223145e-01 -5.852910280227661133e-01 1.000000000000000000e+00
1.410330738872289658e-02 -2.849495112895965576e-01 -6.620606184005737305e-01 1.000000000000000000e+00
1.732001826167106628e-02 -1.887740790843963623e-01 -7.325360178947448730e-01 1.000000000000000000e+00
2.176914364099502563e-02 -8.843683451414108276e-02 -7.853837013244628906e-01 1.000000000000000000e+00
-1.022103577852249146e-01 4.006913304328918457e-02 -5.979132056236267090e-01 1.000000000000000000e+00
-4.068649932742118835e-02 5.201300606131553650e-02 -6.236253976821899414e-01 1.000000000000000000e+00
1.901077106595039368e-02 6.683292984962463379e-02 -6.427617669105529785e-01 1.000000000000000000e+00
7.757394760847091675e-02 4.976654797792434692e-02 -6.242061257362365723e-01 1.000000000000000000e+00
1.360795050859451294e-01 3.523368015885353088e-02 -5.973469018936157227e-01 1.000000000000000000e+00
-4.490441977977752686e-01 -3.680350482463836670e-01 -4.022008180618286133e-01 1.000000000000000000e+00
-3.618052899837493896e-01 -4.268962442874908447e-01 -5.013867020606994629e-01 1.000000000000000000e+00
-2.639457583427429199e-01 -4.238879382610321045e-01 -5.082668662071228027e-01 1.000000000000000000e+00
-1.763281822204589844e-01 -3.683310151100158691e-01 -4.715433716773986816e-01 1.000000000000000000e+00
-2.574441432952880859e-01 -3.369851708412170410e-01 -4.843105375766754150e-01 1.000000000000000000e+00
-3.498043715953826904e-01 -3.298687338829040527e-01 -4.744044542312622070e-01 1.000000000000000000e+00
1.852112561464309692e-01 -3.784071505069732666e-01 -4.766463637351989746e-01 1.000000000000000000e+00
2.709409892559051514e-01 -4.379101097583770752e-01 -5.109098553657531738e-01 1.000000000000000000e+00
3.682249188423156738e-01 -4.474568367004394531e-01 -5.026736259460449219e-01 1.000000000000000000e+00
4.554684758186340332e-01 -3.931607306003570557e-01 -3.990740180015563965e-01 1.000000000000000000e+00
3.608714640140533447e-01 -3.491514027118682861e-01 -4.752411544322967529e-01 1.000000000000000000e+00
2.688183486461639404e-01 -3.513348996639251709e-01 -4.875740110874176025e-01 1.000000000000000000e+00
-1.915989816188812256e-01 3.285122215747833252e-01 -5.025684833526611328e-01 1.000000000000000000e+00
-1.243215873837471008e-01 2.628341317176818848e-01 -6.064503192901611328e-01 1.000000000000000000e+00
-3.155401721596717834e-02 2.291668504476547241e-01 -6.590779423713684082e-01 1.000000000000000000e+00
2.558999694883823395e-02 2.317112684249877930e-01 -6.668292284011840820e-01 1.000000000000000000e+00
8.309168368577957153e-02 2.268477380275726318e-01 -6.588295698165893555e-01 1.000000000000000000e+00
1.761465966701507568e-01 2.565626204013824463e-01 -6.020150184631347656e-01 1.000000000000000000e+00
2.503376007080078125e-01 3.153785169124603271e-01 -4.974327683448791504e-01 1.000000000000000000e+00
1.911812424659729004e-01 3.686852157115936279e-01 -5.528282523155212402e-01 1.000000000000000000e+00
1.042407900094985962e-01 3.961072266101837158e-01 -6.070641279220581055e-01 1.000000000000000000e+00
4.091718047857284546e-02 4.051074683666229248e-01 -6.135298609733581543e-01 1.000000000000000000e+00
-2.521957270801067352e-02 3.993947505950927734e-01 -6.074779033660888672e-01 1.000000000000000000e+00
-1.196120455861091614e-01 3.788305819034576416e-01 -5.601659417152404785e-01 1.000000000000000000e+00
-1.857167631387710571e-01 3.284410536289215088e-01 -4.992488920688629150e-01 1.000000000000000000e+00
-3.007054701447486877e-02 2.929696738719940186e-01 -6.060797572135925293e-01 1.000000000000000000e+00
2.692198753356933594e-02 2.911046445369720459e-01 -6.137252449989318848e-01 1.000000000000000000e+00
8.374121040105819702e-02 2.930166721343994141e-01 -6.028814315795898438e-01 1.000000000000000000e+00
2.478471845388412476e-01 3.147597014904022217e-01 -4.974894523620605469e-01 1.000000000000000000e+00
9.934812784194946289e-02 3.311792612075805664e-01 -5.896595716476440430e-01 1.000000000000000000e+00
3.795851022005081177e-02 3.340067863464355469e-01 -5.941531658172607422e-01 1.000000000000000000e+00
-2.366280183196067810e-02 3.348343968391418457e-01 -5.912819504737854004e-01 1.000000000000000000e+00
