-7.295322418212890625e-01 -3.552647233009338379e-01
-7.070854902267456055e-01 -1.618421226739883423e-01
-6.906566619873046875e-01 2.356370165944099426e-02
-6.569074392318725586e-01 2.032185941934585571e-01
-5.814852714538574219e-01 3.688023388385772705e-01
-4.842599332332611084e-01 5.224824547767639160e-01
-3.323343694210052490e-01 6.488482356071472168e-01
-1.391107887029647827e-01 7.276492714881896973e-01
4.177909344434738159e-02 7.546978592872619629e-01
2.167304158210754395e-01 7.136425971984863281e-01
4.015601575374603271e-01 6.239854693412780762e-01
5.282838940620422363e-01 4.846386909484863281e-01
6.098805665969848633e-01 3.278320431709289551e-01
6.653804779052734375e-01 1.600182652473449707e-01
6.852411031723022461e-01 -1.768033206462860107e-02
6.936790347099304199e-01 -2.012392580509185791e-01
7.087504863739013672e-01 -3.939366042613983154e-01
-6.084613204002380371e-01 -4.434624314308166504e-01
-5.167873501777648926e-01 -6.129326820373535156e-01
-3.742227852344512939e-01 -6.456907987594604492e-01
-2.225672155618667603e-01 -6.260489225387573242e-01
-9.383323788642883301e-02 -5.789529085159301758e-01
9.880933910608291626e-02 -5.839221477508544922e-01
2.242159992456436157e-01 -6.379159688949584961e-01
3.722708523273468018e-01 -6.669741272926330566e-01
5.105490088462829590e-01 -6.444154977798461914e-01
6.035206913948059082e-01 -4.811451435089111328e-01
8.312179706990718842e-03 -4.151686131954193115e-01
1.410343963652849197e-02 -2.852083742618560791e-01
1.733810827136039734e-02 -1.889845132827758789e-01
2.180343493819236755e-02 -8.860671520233154297e-02
-1.017081066966056824e-01 4.021874442696571350e-02
-4.045018553733825684e-02 5.220174044370651245e-02
1.906605623662471771e-02 6.694436073303222656e-02
7.744009792804718018e-02 5.002135038375854492e-02
1.356856226921081543e-01 3.544727340340614319e-02
-4.490553736686706543e-01 -3.679949641227722168e-01
-3.617850244045257568e-01 -4.270834922790527344e-01
-2.638904452323913574e-01 -4.240701496601104736e-01
-1.762707084417343140e-01 -3.683112859725952148e-01
-2.574205994606018066e-01 -3.369043469429016113e-01
-3.496762216091156006e-01 -3.297697901725769043e-01
1.852150708436965942e-01 -3.785453736782073975e-01
2.710477709770202637e-01 -4.376330375671386719e-01
3.682223856449127197e-01 -4.470458626747131348e-01
4.554936587810516357e-01 -3.931499421596527100e-01
3.608765304088592529e-01 -3.492643535137176514e-01
2.689518332481384277e-01 -3.514882028102874756e-01
-1.906263530254364014e-01 3.316746354103088379e-01
-1.236042603850364685e-01 2.645786702632904053e-01
-3.119908832013607025e-02 2.301355302333831787e-01
2.569142356514930725e-02 2.325587868690490723e-01
8.298341184854507446e-02 2.278545498847961426e-01
1.759818345308303833e-01 2.584941089153289795e-01
2.503350973129272461e-01 3.197462558746337891e-01
1.916928589344024658e-01 3.736840486526489258e-01
1.050600484013557434e-01 4.008610546588897705e-01
4.181240126490592957e-02 4.096395671367645264e-01
-2.433236874639987946e-02 4.035361707210540771e-01
-1.186423674225807190e-01 3.825975656509399414e-01
-1.846446394920349121e-01 3.316173553466796875e-01
-2.962568216025829315e-02 2.942767739295959473e-01
2.709633670747280121e-02 2.923803329467773438e-01
8.360669016838073730e-02 2.944181263446807861e-01
2.478037029504776001e-01 3.190973401069641113e-01
1.003976091742515564e-01 3.362556099891662598e-01
3.918360918760299683e-02 3.387044370174407959e-01
-2.227858267724514008e-02 3.392862677574157715e-01
