-7.391216158866882324e-01 -3.559255003929138184e-01 2.261000722646713257e-01 1.000000000000000000e+00
-7.177706360816955566e-01 -1.634994894266128540e-01 2.533076703548431396e-01 1.000000000000000000e+00
-6.924431324005126953e-01 5.327734351158142090e-02 2.687455713748931885e-01 1.000000000000000000e+00
-6.610600352287292480e-01 2.413669526576995850e-01 2.127090394496917725e-01 1.000000000000000000e+00
-5.804912447929382324e-01 4.108059108257293701e-01 8.813614398241043091e-02 1.000000000000000000e+00
-4.684279263019561768e-01 5.541042685508728027e-01 -9.561136364936828613e-02 1.000000000000000000e+00
-3.160480260848999023e-01 6.654260754585266113e-01 -2.178658694028854370e-01 1.000000000000000000e+00
-1.367749422788619995e-01 7.316118478775024414e-01 -3.485661447048187256e-01 1.000000000000000000e+00
5.355749279260635376e-02 7.649939060211181641e-01 -3.586808741092681885e-01 1.000000000000000000e+00
2.140071839094161987e-01 7.176799774169921875e-01 -3.354403972625732422e-01 1.000000000000000000e+00
3.805020749568939209e-01 6.449218392372131348e-01 -1.985954493284225464e-01 1.000000000000000000e+00
5.118489861488342285e-01 5.216164588928222656e-01 -7.235988229513168335e-02 1.000000000000000000e+00
6.044808626174926758e-01 3.728159666061401367e-01 1.124728396534919739e-01 1.000000000000000000e+00
6.636826992034912109e-01 1.977855563163757324e-01 2.383909821510314941e-01 0.000000000000000000e+00
6.817930936813354492e-01 1.217231526970863342e-02 2.879440486431121826e-01 1.000000000000000000e+00
6.985794901847839355e-01 -2.052984982728958130e-01 2.608360946178436279e-01 1.000000000000000000e+00
7.165602445602416992e-01 -3.991941809654235840e-01 2.355724871158599854e-01 1.000000000000000000e+00
-6.084613204002380371e-01 -4.434624314308166504e-01 -2.235849797725677490e-01 1.000000000000000000e+00
-5.167873501777648926e-01 -6.129326820373535156e-01 -3.736896514892578125e-01 1.000000000000000000e+00
-3.742227852344512939e-01 -6.456907987594604492e-01 -5.046690702438354492e-01 1.000000000000000000e+00
-2.225672155618667603e-01 -6.260489225387573242e-01 -5.683867335319519043e-01 1.000000000000000000e+00
-9.383323788642883301e-02 -5.789529085159301758e-01 -5.813679695129394531e-01 1.000000000000000000e+00
9.880933910608291626e-02 -5.839221477508544922e-01 -5.812657475471496582e-01 1.000000000000000000e+00
2.242159992456436157e-01 -6.379159688949584961e-01 -5.704736113548278809e-01 1.000000000000000000e+00
3.722708523273468018e-01 -6.669741272926330566e-01 -5.025972723960876465e-01 1.000000000000000000e+00
5.105490088462829590e-01 -6.444154977798461914e-01 -3.639313280582427979e-01 1.000000000000000000e+00
6.035206913948059082e-01 -4.811451435089111328e-01 -2.121615856885910034e-01 1.000000000000000000e+00
8.312179706990718842e-03 -4.151686131954193115e-01 -5.852788090705871582e-01 1.000000000000000000e+00
1.410343963652849197e-02 -2.852083742618560791e-01 -6.621252894401550293e-01 1.000000000000000000e+00
1.733810827136039734e-02 -1.889845132827758789e-01 -7.326039075851440430e-01 1.000000000000000000e+00
2.180343493819236755e-02 -8.860671520233154297e-02 -7.854372262954711914e-01 1.000000000000000000e+00
-1.017081066966056824e-01 4.021874442696571350e-02 -5.981771945953369141e-01 1.000000000000000000e+00
-4.045018553733825684e-02 5.220174044370651245e-02 -6.240050196647644043e-01 1.000000000000000000e+00
1.906605623662471771e-02 6.694436073303222656e-02 -6.431687474250793457e-01 1.000000000000000000e+00
7.744009792804718018e-02 5.002135038375854492e-02 -6.245842576026916504e-01 1.000000000000000000e+00
1.356856226921081543e-01 3.544727340340614319e-02 -5.976073741912841797e-01 1.000000000000000000e+00
-4.490553736686706543e-01 -3.679949641227722168e-01 -4.021902978420257568e-01 1.000000000000000000e+00
-3.617850244045257568e-01 -4.270834922790527344e-01 -5.013719201087951660e-01 1.000000000000000000e+00
-2.638904452323913574e-01 -4.240701496601104736e-01 -5.082900524139404297e-01 1.000000000000000000e+00
-1.762707084417343140e-01 -3.683112859725952148e-01 -4.715807437896728516e-01 1.000000000000000000e+00
-2.574205994606018066e-01 -3.369043469429016113e-01 -4.843449294567108154e-01 1.000000000000000000e+00
-3.496762216091156006e-01 -3.297697901725769043e-01 -4.743854105472564697e-01 1.000000000000000000e+00
1.852150708436965942e-01 -3.785453736782073975e-01 -4.766110181808471680e-01 1.000000000000000000e+00
2.710477709770202637e-01 -4.376330375671386719e-01 -5.107343792915344238e-01 1.000000000000000000e+00
3.682223856449127197e-01 -4.470458626747131348e-01 -5.025492906570434570e-01 1.000000000000000000e+00
4.554936587810516357e-01 -3.931499421596527100e-01 -3.990941643714904785e-01 1.000000000000000000e+00
3.608765304088592529e-01 -3.492643535137176514e-01 -4.752923548221588135e-01 1.000000000000000000e+00
2.689518332481384277e-01 -3.514882028102874756e-01 -4.876148700714111328e-01 1.000000000000000000e+00
-1.906263530254364014e-01 3.316746354103088379e-01 -5.032993555068969727e-01 1.000000000000000000e+00
-1.236042603850364685e-01 2.645786702632904053e-01 -6.073867082595825195e-01 1.000000000000000000e+00
-3.119908832013607025e-02 2.301355302333831787e-01 -6.599593162536621094e-01 1.000000000000000000e+00
2.569142356514930725e-02 2.325587868690490723e-01 -6.677113175392150879e-01 1.000000000000000000e+00
8.298341184854507446e-02 2.278545498847961426e-01 -6.597135066986083984e-01 1.000000000000000000e+00
1.759818345308303833e-01 2.584941089153289795e-01 -6.027496457099914551e-01 1.000000000000000000e+00
2.503350973129272461e-01 3.197462558746337891e-01 -4.973618686199188232e-01 1.000000000000000000e+00
1.916928589344024658e-01 3.736840486526489258e-01 -5.516715049743652344e-01 1.000000000000000000e+00
1.050600484013557434e-01 4.008610546588897705e-01 -6.055192947387695312e-01 1.000000000000000000e+00
4.181240126490592957e-02 4.096395671367645264e-01 -6.121772527694702148e-01 1.000000000000000000e+00
-2.433236874639987946e-02 4.035361707210540771e-01 -6.064319014549255371e-01 1.000000000000000000e+00
-1.186423674225807190e-01 3.825975656509399414e-01 -5.600985288619995117e-01 1.000000000000000000e+00
-1.846446394920349121e-01 3.316173553466796875e-01 -4.999001026153564453e-01 1.000000000000000000e+00
-2.962568216025829315e-02 2.942767739295959473e-01 -6.067177057266235352e-01 1.000000000000000000e+00
2.709633670747280121e-02 2.923803329467773438e-01 -6.145298480987548828e-01 1.000000000000000000e+00
8.360669016838073730e-02 2.944181263446807861e-01 -6.034800410270690918e-01 1.000000000000000000e+00
2.478037029504776001e-01 3.190973401069641113e-01 -4.974299967288970947e-01 1.000000000000000000e+00
1.003976091742515564e-01 3.362556099891662598e-01 -5.883912444114685059e-01 1.000000000000000000e+00
3.918360918760299683e-02 3.387044370174407959e-01 -5.927696228027343750e-01 1.000000000000000000e+00
-2.227858267724514008e-02 3.392862677574157715e-01 -5.904461741447448730e-01 1.000000000000000000e+00
