-7.392726540565490723e-01 -3.556125760078430176e-01 2.264491766691207886e-01 1.000000000000000000e+00
-7.178508639335632324e-01 -1.630820930004119873e-01 2.536908090114593506e-01 1.000000000000000000e+00
-6.923340559005737305e-01 5.388963967561721802e-02 2.692017257213592529e-01 1.000000000000000000e+00
-6.605063080787658691e-01 2.420896887779235840e-01 2.131878882646560669e-01 1.000000000000000000e+00
-5.796700119972229004e-01 4.116260707378387451e-01 8.861231803894042969e-02 1.000000000000000000e+00
-4.670830965042114258e-01 5.548649430274963379e-01 -9.517209231853485107e-02 1.000000000000000000e+00
-3.141400218009948730e-01 6.658048033714294434e-01 -2.177022248506546021e-01 1.000000000000000000e+00
-1.345869153738021851e-01 7.312667369842529297e-01 -3.487936854362487793e-01 1.000000000000000000e+00
5.585050210356712341e-02 7.636981010437011719e-01 -3.594151735305786133e-01 1.000000000000000000e+00
2.159339636564254761e-01 7.159227132797241211e-01 -3.363684415817260742e-01 1.000000000000000000e+00
3.818522989749908447e-01 6.429237723350524902e-01 -1.994512677192687988e-01 1.000000000000000000e+00
5.126864314079284668e-01 5.198956727981567383e-01 -7.298431545495986938e-02 1.000000000000000000e+00
6.049463748931884766e-01 3.716372549533843994e-01 1.120829880237579346e-01 1.000000000000000000e+00
6.638108491897583008e-01 1.969543844461441040e-01 2.381478250026702881e-01 0.000000000000000000e+00
6.818215250968933105e-01 1.163203082978725433e-02 2.878520190715789795e-01 1.000000000000000000e+00
6.984435319900512695e-01 -2.056253105401992798e-01 2.608776986598968506e-01 1.000000000000000000e+00
7.163778543472290039e-01 -3.994316756725311279e-01 2.356786578893661499e-01 1.000000000000000000e+00
-6.085307002067565918e-01 -4.431706964969635010e-01 -2.234633713960647583e-01 1.000000000000000000e+00
-5.167576074600219727e-01 -6.124899983406066895e-01 -3.736436665058135986e-01 1.000000000000000000e+00
-3.741023838520050049e-01 -6.452484130859375000e-01 -5.045254230499267578e-01 1.000000000000000000e+00
-2.224212139844894409e-01 -6.257325410842895508e-01 -5.681533813476562500e-01 1.000000000000000000e+00
-9.375745058059692383e-02 -5.787323713302612305e-01 -5.811398625373840332e-01 1.000000000000000000e+00
9.869795292615890503e-02 -5.837649703025817871e-01 -5.810381770133972168e-01 1.000000000000000000e+00
2.240354865789413452e-01 -6.376423835754394531e-01 -5.702240467071533203e-01 1.000000000000000000e+00
3.720807433128356934e-01 -6.665640473365783691e-01 -5.024675130844116211e-01 1.000000000000000000e+00
5.103669762611389160e-01 -6.440154910087585449e-01 -3.639400303363800049e-01 1.000000000000000000e+00
6.033539772033691406e-01 -4.810668230056762695e-01 -2.121327072381973267e-01 1.000000000000000000e+00
8.286562748253345490e-03 -4.152359962463378906e-01 -5.852148532867431641e-01 1.000000000000000000e+00
1.411508303135633469e-02 -2.855282723903656006e-01 -6.619622111320495605e-01 1.000000000000000000e+00
1.735116168856620789e-02 -1.895674318075180054e-01 -7.324875593185424805e-01 1.000000000000000000e+00
2.181380428373813629e-02 -8.935317397117614746e-02 -7.854474782943725586e-01 1.000000000000000000e+00
-1.019456312060356140e-01 3.879529610276222229e-02 -5.981651544570922852e-01 1.000000000000000000e+00
-4.055420681834220886e-02 5.108788609504699707e-02 -6.240912079811096191e-01 1.000000000000000000e+00
1.905714534223079681e-02 6.593395769596099854e-02 -6.432773470878601074e-01 1.000000000000000000e+00
7.751235365867614746e-02 4.886002838611602783e-02 -6.246364712715148926e-01 1.000000000000000000e+00
1.358756273984909058e-01 3.395674005150794983e-02 -5.975663661956787109e-01 1.000000000000000000e+00
-4.490140974521636963e-01 -3.677925467491149902e-01 -4.022805690765380859e-01 1.000000000000000000e+00
-3.617063462734222412e-01 -4.263117015361785889e-01 -5.013637542724609375e-01 1.000000000000000000e+00
-2.639496922492980957e-01 -4.233744144439697266e-01 -5.082240104675292969e-01 1.000000000000000000e+00
-1.763315200805664062e-01 -3.681368529796600342e-01 -4.715510606765747070e-01 1.000000000000000000e+00
-2.574688494205474854e-01 -3.369069993495941162e-01 -4.843536913394927979e-01 1.000000000000000000e+00
-3.497362732887268066e-01 -3.297613263130187988e-01 -4.744698405265808105e-01 1.000000000000000000e+00
1.852764040231704712e-01 -3.783764839172363281e-01 -4.765544533729553223e-01 1.000000000000000000e+00
2.711508870124816895e-01 -4.368807673454284668e-01 -5.106334686279296875e-01 1.000000000000000000e+00
3.681906461715698242e-01 -4.461825788021087646e-01 -5.024724602699279785e-01 1.000000000000000000e+00
4.554659724235534668e-01 -3.929397761821746826e-01 -3.991187512874603271e-01 1.000000000000000000e+00
3.609422445297241211e-01 -3.492741882801055908e-01 -4.753126502037048340e-01 1.000000000000000000e+00
2.689873278141021729e-01 -3.515014946460723877e-01 -4.875694513320922852e-01 1.000000000000000000e+00
-1.904331147670745850e-01 3.301362395286560059e-01 -5.036779046058654785e-01 1.000000000000000000e+00
-1.236699596047401428e-01 2.627688050270080566e-01 -6.070699095726013184e-01 1.000000000000000000e+00
-3.116008080542087555e-02 2.286030352115631104e-01 -6.594594120979309082e-01 1.000000000000000000e+00
2.570205554366111755e-02 2.311472296714782715e-01 -6.671376824378967285e-01 1.000000000000000000e+00
8.293909579515457153e-02 2.262726724147796631e-01 -6.591578722000122070e-01 1.000000000000000000e+00
1.759565621614456177e-01 2.564141154289245605e-01 -6.024906635284423828e-01 1.000000000000000000e+00
2.503242194652557373e-01 3.170039951801300049e-01 -4.981949925422668457e-01 1.000000000000000000e+00
1.915922909975051880e-01 3.705815076828002930e-01 -5.526877641677856445e-01 1.000000000000000000e+00
1.050407215952873230e-01 3.976458907127380371e-01 -6.066169738769531250e-01 1.000000000000000000e+00
4.191346466541290283e-02 4.066901803016662598e-01 -6.131570339202880859e-01 1.000000000000000000e+00
-2.413340657949447632e-02 4.008968174457550049e-01 -6.071603298187255859e-01 1.000000000000000000e+00
-1.182878986001014709e-01 3.807162940502166748e-01 -5.604315400123596191e-01 1.000000000000000000e+00
-1.844723522663116455e-01 3.300310969352722168e-01 -5.002479553222656250e-01 1.000000000000000000e+00
-2.960468642413616180e-02 2.925195991992950439e-01 -6.064721345901489258e-01 1.000000000000000000e+00
2.711474336683750153e-02 2.906546592712402344e-01 -6.141627430915832520e-01 1.000000000000000000e+00
8.365425467491149902e-02 2.925377786159515381e-01 -6.033091545104980469e-01 1.000000000000000000e+00
2.477991729974746704e-01 3.163615465164184570e-01 -4.982360899448394775e-01 1.000000000000000000e+00
1.001004725694656372e-01 3.327798843383789062e-01 -5.894304513931274414e-01 1.000000000000000000e+00
3.893914073705673218e-02 3.353793323040008545e-01 -5.936460494995117188e-01 1.000000000000000000e+00
-2.249752916395664215e-02 3.363763689994812012e-01 -5.912240743637084961e-01 1.000000000000000000e+00
