-7.297126650810241699e-01 -3.549111187458038330e-01
-7.072369456291198730e-01 -1.613216698169708252e-01
-6.905393004417419434e-01 2.424348145723342896e-02
-6.565333604812622070e-01 2.039717733860015869e-01
-5.808375477790832520e-01 3.697274029254913330e-01
-4.830650985240936279e-01 5.233164429664611816e-01
-3.305067718029022217e-01 6.492944955825805664e-01
-1.369530260562896729e-01 7.273084521293640137e-01
4.398435354232788086e-02 7.533605694770812988e-01
2.186281830072402954e-01 7.118471860885620117e-01
4.028045535087585449e-01 6.219659447669982910e-01
5.290308594703674316e-01 4.828903675079345703e-01
6.102700233459472656e-01 3.264335989952087402e-01
6.654363870620727539e-01 1.589396893978118896e-01
6.850998997688293457e-01 -1.849003322422504425e-02
6.934538483619689941e-01 -2.019159495830535889e-01
7.085171937942504883e-01 -3.943013846874237061e-01
-6.085307002067565918e-01 -4.431706964969635010e-01
-5.167576074600219727e-01 -6.124899983406066895e-01
-3.741023838520050049e-01 -6.452484130859375000e-01
-2.224212139844894409e-01 -6.257325410842895508e-01
-9.375745058059692383e-02 -5.787323713302612305e-01
9.869795292615890503e-02 -5.837649703025817871e-01
2.240354865789413452e-01 -6.376423835754394531e-01
3.720807433128356934e-01 -6.665640473365783691e-01
5.103669762611389160e-01 -6.440154910087585449e-01
6.033539772033691406e-01 -4.810668230056762695e-01
8.286562748253345490e-03 -4.152359962463378906e-01
1.411508303135633469e-02 -2.855282723903656006e-01
1.735116168856620789e-02 -1.895674318075180054e-01
2.181380428373813629e-02 -8.935317397117614746e-02
-1.019456312060356140e-01 3.879529610276222229e-02
-4.055420681834220886e-02 5.108788609504699707e-02
1.905714534223079681e-02 6.593395769596099854e-02
7.751235365867614746e-02 4.886002838611602783e-02
1.358756273984909058e-01 3.395674005150794983e-02
-4.490140974521636963e-01 -3.677925467491149902e-01
-3.617063462734222412e-01 -4.263117015361785889e-01
-2.639496922492980957e-01 -4.233744144439697266e-01
-1.763315200805664062e-01 -3.681368529796600342e-01
-2.574688494205474854e-01 -3.369069993495941162e-01
-3.497362732887268066e-01 -3.297613263130187988e-01
1.852764040231704712e-01 -3.783764839172363281e-01
2.711508870124816895e-01 -4.368807673454284668e-01
3.681906461715698242e-01 -4.461825788021087646e-01
4.554659724235534668e-01 -3.929397761821746826e-01
3.609422445297241211e-01 -3.492741882801055908e-01
2.689873278141021729e-01 -3.515014946460723877e-01
-1.904331147670745850e-01 3.301362395286560059e-01
-1.236699596047401428e-01 2.627688050270080566e-01
-3.116008080542087555e-02 2.286030352115631104e-01
2.570205554366111755e-02 2.311472296714782715e-01
8.293909579515457153e-02 2.262726724147796631e-01
1.759565621614456177e-01 2.564141154289245605e-01
2.503242194652557373e-01 3.170039951801300049e-01
1.915922909975051880e-01 3.705815076828002930e-01
1.050407215952873230e-01 3.976458907127380371e-01
4.191346466541290283e-02 4.066901803016662598e-01
-2.413340657949447632e-02 4.008968174457550049e-01
-1.182878986001014709e-01 3.807162940502166748e-01
-1.844723522663116455e-01 3.300310969352722168e-01
-2.960468642413616180e-02 2.925195991992950439e-01
2.711474336683750153e-02 2.906546592712402344e-01
8.365425467491149902e-02 2.925377786159515381e-01
2.477991729974746704e-01 3.163615465164184570e-01
1.001004725694656372e-01 3.327798843383789062e-01
3.893914073705673218e-02 3.353793323040008545e-01
-2.249752916395664215e-02 3.363763689994812012e-01
