-6.869319677352905273e-01 -3.805660009384155273e-01
-6.907803416252136230e-01 -2.001381516456604004e-01
-6.544488072395324707e-01 -2.051342837512493134e-02
-6.283823847770690918e-01 1.354718953371047974e-01
-5.818400382995605469e-01 2.974793016910552979e-01
-5.138021111488342285e-01 4.537263512611389160e-01
-4.086197614669799805e-01 6.087296605110168457e-01
-2.413239032030105591e-01 7.417743802070617676e-01
-6.572984904050827026e-02 7.718506455421447754e-01
1.322358697652816772e-01 7.237265110015869141e-01
3.235595822334289551e-01 6.136308908462524414e-01
4.742060601711273193e-01 4.606022238731384277e-01
6.039525866508483887e-01 2.838910222053527832e-01
6.811192631721496582e-01 8.581388741731643677e-02
7.067235708236694336e-01 -1.039284989237785339e-01
7.072277069091796875e-01 -3.082980215549468994e-01
7.053760886192321777e-01 -5.062292814254760742e-01
-6.787976026535034180e-01 -4.861420691013336182e-01
-6.442857980728149414e-01 -6.455284953117370605e-01
-5.415092110633850098e-01 -6.721883416175842285e-01
-4.106945097446441650e-01 -6.529481410980224609e-01
-2.874751091003417969e-01 -6.113215088844299316e-01
-9.892676025629043579e-02 -6.187920570373535156e-01
2.468695119023323059e-02 -6.714800596237182617e-01
1.848199218511581421e-01 -7.075232267379760742e-01
3.530509471893310547e-01 -6.976654529571533203e-01
4.822671711444854736e-01 -5.486233234405517578e-01
-1.869657188653945923e-01 -4.673315584659576416e-01
-2.008257210254669189e-01 -3.342623710632324219e-01
-2.139856666326522827e-01 -2.235237807035446167e-01
-2.209872007369995117e-01 -1.085339263081550598e-01
-2.821736633777618408e-01 7.577388547360897064e-03
-2.313417196273803711e-01 2.337843552231788635e-02
-1.768722683191299438e-01 4.084045812487602234e-02
-1.149679496884346008e-01 1.922839693725109100e-02
-5.154860392212867737e-02 -1.090648351237177849e-03
-5.667287111282348633e-01 -4.113832414150238037e-01
-5.083445906639099121e-01 -4.675634205341339111e-01
-4.141100347042083740e-01 -4.683121144771575928e-01
-3.170222043991088867e-01 -4.182599186897277832e-01
-4.002307951450347900e-01 -3.797718882560729980e-01
-4.872451126575469971e-01 -3.707721829414367676e-01
2.102741040289402008e-02 -4.346969127655029297e-01
9.546905755996704102e-02 -4.912836551666259766e-01
1.921550482511520386e-01 -5.004938840866088867e-01
3.034021854400634766e-01 -4.539000391960144043e-01
1.937523186206817627e-01 -4.036595225334167480e-01
1.012758538126945496e-01 -4.040088355541229248e-01
-3.288779258728027344e-01 3.187615871429443359e-01
-2.968296706676483154e-01 2.480802088975906372e-01
-2.222979813814163208e-01 2.129381000995635986e-01
-1.678792834281921387e-01 2.147706449031829834e-01
-1.091263815760612488e-01 2.090177685022354126e-01
-1.285031437873840332e-03 2.370151579380035400e-01
1.005276665091514587e-01 2.990970313549041748e-01
3.473440930247306824e-02 3.633033037185668945e-01
-6.240691244602203369e-02 3.954291939735412598e-01
-1.255390793085098267e-01 4.051134288311004639e-01
-1.890745609998703003e-01 4.002673923969268799e-01
-2.710075080394744873e-01 3.776987195014953613e-01
-3.221312761306762695e-01 3.175920546054840088e-01
-2.029881924390792847e-01 2.769813835620880127e-01
-1.489416211843490601e-01 2.729453444480895996e-01
-9.000740945339202881e-02 2.758496701717376709e-01
9.818575531244277954e-02 2.982060611248016357e-01
-6.439107656478881836e-02 3.267296850681304932e-01
-1.247755438089370728e-01 3.304629623889923096e-01
-1.851439923048019409e-01 3.320678472518920898e-01
