-6.868960261344909668e-01 -4.302373826503753662e-01 3.299756646156311035e-01 0.000000000000000000e+00
-6.602172851562500000e-01 -2.371226996183395386e-01 3.683569431304931641e-01 0.000000000000000000e+00
-6.229074597358703613e-01 -2.060017921030521393e-02 3.947101831436157227e-01 0.000000000000000000e+00
-5.982242822647094727e-01 1.698463410139083862e-01 3.398931026458740234e-01 0.000000000000000000e+00
-5.515732169151306152e-01 3.547109663486480713e-01 2.072268277406692505e-01 0.000000000000000000e+00
-4.795982241630554199e-01 5.176607370376586914e-01 2.865412039682269096e-03 1.000000000000000000e+00
-3.700975179672241211e-01 6.525741219520568848e-01 -1.594176590442657471e-01 1.000000000000000000e+00
-2.312093824148178101e-01 7.469819784164428711e-01 -3.342524766921997070e-01 1.000000000000000000e+00
-3.642042353749275208e-02 7.779157757759094238e-01 -3.966068327426910400e-01 1.000000000000000000e+00
1.322412341833114624e-01 7.249950766563415527e-01 -4.205496907234191895e-01 1.000000000000000000e+00
3.209476172924041748e-01 6.159147024154663086e-01 -3.258868753910064697e-01 1.000000000000000000e+00
4.724386036396026611e-01 4.669150114059448242e-01 -2.310141921043395996e-01 1.000000000000000000e+00
6.052184104919433594e-01 2.914666235446929932e-01 -8.164204657077789307e-02 1.000000000000000000e+00
6.803570389747619629e-01 9.720497578382492065e-02 1.758497580885887146e-02 1.000000000000000000e+00
7.152148485183715820e-01 -9.019757807254791260e-02 5.070164427161216736e-02 1.000000000000000000e+00
7.143795490264892578e-01 -3.086985051631927490e-01 5.902828183025121689e-03 1.000000000000000000e+00
7.104805707931518555e-01 -5.036035776138305664e-01 -3.678715601563453674e-02 1.000000000000000000e+00
-6.787976026535034180e-01 -4.861420691013336182e-01 -1.481582969427108765e-01 1.000000000000000000e+00
-6.442857980728149414e-01 -6.455284953117370605e-01 -3.335981070995330811e-01 1.000000000000000000e+00
-5.415092110633850098e-01 -6.721883416175842285e-01 -5.018613934516906738e-01 1.000000000000000000e+00
-4.106945097446441650e-01 -6.529481410980224609e-01 -6.034145951271057129e-01 1.000000000000000000e+00
-2.874751091003417969e-01 -6.113215088844299316e-01 -6.494497656822204590e-01 1.000000000000000000e+00
-9.892676025629043579e-02 -6.187920570373535156e-01 -7.009332776069641113e-01 1.000000000000000000e+00
2.468695119023323059e-02 -6.714800596237182617e-01 -7.239645123481750488e-01 1.000000000000000000e+00
1.848199218511581421e-01 -7.075232267379760742e-01 -6.951907277107238770e-01 1.000000000000000000e+00
3.530509471893310547e-01 -6.976654529571533203e-01 -5.902114510536193848e-01 1.000000000000000000e+00
4.822671711444854736e-01 -5.486233234405517578e-01 -4.474740624427795410e-01 1.000000000000000000e+00
-1.869657188653945923e-01 -4.673315584659576416e-01 -6.888774633407592773e-01 1.000000000000000000e+00
-2.008257210254669189e-01 -3.342623710632324219e-01 -7.651406526565551758e-01 1.000000000000000000e+00
-2.139856666326522827e-01 -2.235237807035446167e-01 -8.312337398529052734e-01 1.000000000000000000e+00
-2.209872007369995117e-01 -1.085339263081550598e-01 -8.829537630081176758e-01 1.000000000000000000e+00
-2.821736633777618408e-01 7.577388547360897064e-03 -6.338130235671997070e-01 1.000000000000000000e+00
-2.313417196273803711e-01 2.337843552231788635e-02 -6.795315146446228027e-01 1.000000000000000000e+00
-1.768722683191299438e-01 4.084045812487602234e-02 -7.148314714431762695e-01 1.000000000000000000e+00
-1.149679496884346008e-01 1.922839693725109100e-02 -7.121016979217529297e-01 1.000000000000000000e+00
-5.154860392212867737e-02 -1.090648351237177849e-03 -6.948973536491394043e-01 1.000000000000000000e+00
-5.667287111282348633e-01 -4.113832414150238037e-01 -3.423905968666076660e-01 1.000000000000000000e+00
-5.083445906639099121e-01 -4.675634205341339111e-01 -4.605889618396759033e-01 1.000000000000000000e+00
-4.141100347042083740e-01 -4.683121144771575928e-01 -4.912412464618682861e-01 1.000000000000000000e+00
-3.170222043991088867e-01 -4.182599186897277832e-01 -4.775268435478210449e-01 1.000000000000000000e+00
-4.002307951450347900e-01 -3.797718882560729980e-01 -4.686906933784484863e-01 1.000000000000000000e+00
-4.872451126575469971e-01 -3.707721829414367676e-01 -4.350711703300476074e-01 1.000000000000000000e+00
2.102741040289402008e-02 -4.346969127655029297e-01 -5.712280273437500000e-01 1.000000000000000000e+00
9.546905755996704102e-02 -4.912836551666259766e-01 -6.286933422088623047e-01 1.000000000000000000e+00
1.921550482511520386e-01 -5.004938840866088867e-01 -6.477954387664794922e-01 1.000000000000000000e+00
3.034021854400634766e-01 -4.539000391960144043e-01 -5.698534250259399414e-01 1.000000000000000000e+00
1.937523186206817627e-01 -4.036595225334167480e-01 -6.160837411880493164e-01 1.000000000000000000e+00
1.012758538126945496e-01 -4.040088355541229248e-01 -6.042726635932922363e-01 1.000000000000000000e+00
-3.288779258728027344e-01 3.187615871429443359e-01 -4.932458400726318359e-01 1.000000000000000000e+00
-2.968296706676483154e-01 2.480802088975906372e-01 -6.180374026298522949e-01 1.000000000000000000e+00
-2.222979813814163208e-01 2.129381000995635986e-01 -6.964946985244750977e-01 1.000000000000000000e+00
-1.678792834281921387e-01 2.147706449031829834e-01 -7.186038494110107422e-01 1.000000000000000000e+00
-1.091263815760612488e-01 2.090177685022354126e-01 -7.276192903518676758e-01 1.000000000000000000e+00
-1.285031437873840332e-03 2.370151579380035400e-01 -6.946756243705749512e-01 1.000000000000000000e+00
1.005276665091514587e-01 2.990970313549041748e-01 -6.039069294929504395e-01 1.000000000000000000e+00
3.473440930247306824e-02 3.633033037185668945e-01 -6.379864811897277832e-01 1.000000000000000000e+00
-6.240691244602203369e-02 3.954291939735412598e-01 -6.614289879798889160e-01 1.000000000000000000e+00
-1.255390793085098267e-01 4.051134288311004639e-01 -6.495404243469238281e-01 1.000000000000000000e+00
-1.890745609998703003e-01 4.002673923969268799e-01 -6.286113858222961426e-01 1.000000000000000000e+00
-2.710075080394744873e-01 3.776987195014953613e-01 -5.637818574905395508e-01 1.000000000000000000e+00
-3.221312761306762695e-01 3.175920546054840088e-01 -4.904882311820983887e-01 1.000000000000000000e+00
-2.029881924390792847e-01 2.769813835620880127e-01 -6.360308527946472168e-01 1.000000000000000000e+00
-1.489416211843490601e-01 2.729453444480895996e-01 -6.587828993797302246e-01 1.000000000000000000e+00
-9.000740945339202881e-02 2.758496701717376709e-01 -6.645115017890930176e-01 1.000000000000000000e+00
9.818575531244277954e-02 2.982060611248016357e-01 -6.030301451683044434e-01 1.000000000000000000e+00
-6.439107656478881836e-02 3.267296850681304932e-01 -6.466590762138366699e-01 1.000000000000000000e+00
-1.247755438089370728e-01 3.304629623889923096e-01 -6.345665454864501953e-01 1.000000000000000000e+00
-1.851439923048019409e-01 3.320678472518920898e-01 -6.162680983543395996e-01 1.000000000000000000e+00
