-7.395664453506469727e-01 -3.552755713462829590e-01 2.275927811861038208e-01 1.000000000000000000e+00
-7.180608510971069336e-01 -1.625765860080718994e-01 2.548536956310272217e-01 1.000000000000000000e+00
-6.922583580017089844e-01 5.473186820745468140e-02 2.704486846923828125e-01 1.000000000000000000e+00
-6.598059535026550293e-01 2.432085871696472168e-01 2.144311070442199707e-01 1.000000000000000000e+00
-5.784090161323547363e-01 4.127128720283508301e-01 8.973503857851028442e-02 1.000000000000000000e+00
-4.650929868221282959e-01 5.556317567825317383e-01 -9.417143464088439941e-02 1.000000000000000000e+00
-3.108500540256500244e-01 6.654114723205566406e-01 -2.175820916891098022e-01 1.000000000000000000e+00
-1.303439438343048096e-01 7.286965250968933105e-01 -3.498595654964447021e-01 1.000000000000000000e+00
5.973060429096221924e-02 7.592877149581909180e-01 -3.613820672035217285e-01 1.000000000000000000e+00
2.188301831483840942e-01 7.111698389053344727e-01 -3.383106589317321777e-01 1.000000000000000000e+00
3.841780126094818115e-01 6.385971903800964355e-01 -2.006216645240783691e-01 1.000000000000000000e+00
5.143942832946777344e-01 5.164774656295776367e-01 -7.338822633028030396e-02 1.000000000000000000e+00
6.057701706886291504e-01 3.692841529846191406e-01 1.119293197989463806e-01 1.000000000000000000e+00
6.642771363258361816e-01 1.955019980669021606e-01 2.382877767086029053e-01 0.000000000000000000e+00
6.819157600402832031e-01 1.063183415681123734e-02 2.882894277572631836e-01 1.000000000000000000e+00
6.982509493827819824e-01 -2.062792330980300903e-01 2.615675926208496094e-01 1.000000000000000000e+00
7.161151170730590820e-01 -3.999468684196472168e-01 2.364959567785263062e-01 1.000000000000000000e+00
-6.085937619209289551e-01 -4.424559473991394043e-01 -2.229242473840713501e-01 1.000000000000000000e+00
-5.163063406944274902e-01 -6.104145646095275879e-01 -3.736313581466674805e-01 1.000000000000000000e+00
-3.732305169105529785e-01 -6.431911587715148926e-01 -5.039448738098144531e-01 1.000000000000000000e+00
-2.216354608535766602e-01 -6.239930391311645508e-01 -5.673759579658508301e-01 1.000000000000000000e+00
-9.335434436798095703e-02 -5.777177810668945312e-01 -5.802434682846069336e-01 1.000000000000000000e+00
9.829945862293243408e-02 -5.831490755081176758e-01 -5.802228450775146484e-01 1.000000000000000000e+00
2.232450693845748901e-01 -6.365097761154174805e-01 -5.693426728248596191e-01 1.000000000000000000e+00
3.710851967334747314e-01 -6.645626425743103027e-01 -5.020480155944824219e-01 1.000000000000000000e+00
5.096166133880615234e-01 -6.421275734901428223e-01 -3.641448020935058594e-01 1.000000000000000000e+00
6.030820012092590332e-01 -4.809078276157379150e-01 -2.118394821882247925e-01 1.000000000000000000e+00
8.205085992813110352e-03 -4.155368804931640625e-01 -5.847623944282531738e-01 1.000000000000000000e+00
1.416812743991613388e-02 -2.861565947532653809e-01 -6.612081527709960938e-01 1.000000000000000000e+00
1.745215244591236115e-02 -1.906622648239135742e-01 -7.318359017372131348e-01 1.000000000000000000e+00
2.193941548466682434e-02 -9.092868864536285400e-02 -7.850598096847534180e-01 1.000000000000000000e+00
-1.028737649321556091e-01 3.617527708411216736e-02 -5.971297025680541992e-01 1.000000000000000000e+00
-4.090553894639015198e-02 4.881775006651878357e-02 -6.231376528739929199e-01 1.000000000000000000e+00
1.911441981792449951e-02 6.378608942031860352e-02 -6.421914100646972656e-01 1.000000000000000000e+00
7.805088162422180176e-02 4.644963517785072327e-02 -6.236973404884338379e-01 1.000000000000000000e+00
1.371092051267623901e-01 3.118047676980495453e-02 -5.966298580169677734e-01 1.000000000000000000e+00
-4.485729634761810303e-01 -3.662495315074920654e-01 -4.023594558238983154e-01 1.000000000000000000e+00
-3.608686029911041260e-01 -4.203017354011535645e-01 -5.008090138435363770e-01 1.000000000000000000e+00
-2.642802894115447998e-01 -4.181499481201171875e-01 -5.071979761123657227e-01 1.000000000000000000e+00
-1.764703541994094849e-01 -3.674065172672271729e-01 -4.711812436580657959e-01 1.000000000000000000e+00
-2.578917145729064941e-01 -3.370134532451629639e-01 -4.844811558723449707e-01 1.000000000000000000e+00
-3.500990271568298340e-01 -3.296535015106201172e-01 -4.747789800167083740e-01 1.000000000000000000e+00
1.852984875440597534e-01 -3.776536881923675537e-01 -4.762031733989715576e-01 1.000000000000000000e+00
2.715740203857421875e-01 -4.317035377025604248e-01 -5.096367597579956055e-01 1.000000000000000000e+00
3.675498962402343750e-01 -4.401245117187500000e-01 -5.017748475074768066e-01 1.000000000000000000e+00
4.549959301948547363e-01 -3.915641903877258301e-01 -3.992325663566589355e-01 1.000000000000000000e+00
3.610402941703796387e-01 -3.492815792560577393e-01 -4.755422174930572510e-01 1.000000000000000000e+00
2.691376209259033203e-01 -3.516630232334136963e-01 -4.875146448612213135e-01 1.000000000000000000e+00
-1.923143118619918823e-01 3.253214955329895020e-01 -4.996615052223205566e-01 1.000000000000000000e+00
-1.251300722360610962e-01 2.586109340190887451e-01 -6.030812263488769531e-01 1.000000000000000000e+00
-3.144630417227745056e-02 2.255177646875381470e-01 -6.560109853744506836e-01 1.000000000000000000e+00
2.591449953615665436e-02 2.284289449453353882e-01 -6.636836528778076172e-01 1.000000000000000000e+00
8.361828327178955078e-02 2.230615019798278809e-01 -6.556157469749450684e-01 1.000000000000000000e+00
1.776025742292404175e-01 2.517293095588684082e-01 -5.983413457870483398e-01 1.000000000000000000e+00
2.530217170715332031e-01 3.099652230739593506e-01 -4.942359328269958496e-01 1.000000000000000000e+00
1.933490037918090820e-01 3.635070323944091797e-01 -5.505268573760986328e-01 1.000000000000000000e+00
1.061019897460937500e-01 3.904565572738647461e-01 -6.058521270751953125e-01 1.000000000000000000e+00
4.247294366359710693e-02 3.999000787734985352e-01 -6.122803688049316406e-01 1.000000000000000000e+00
-2.406114339828491211e-02 3.946517109870910645e-01 -6.058629155158996582e-01 1.000000000000000000e+00
-1.190933585166931152e-01 3.757537901401519775e-01 -5.575956106185913086e-01 1.000000000000000000e+00
-1.864023953676223755e-01 3.252387344837188721e-01 -4.962891340255737305e-01 1.000000000000000000e+00
-3.012960217893123627e-02 2.884996831417083740e-01 -6.025546789169311523e-01 1.000000000000000000e+00
2.735737897455692291e-02 2.867811024188995361e-01 -6.100975871086120605e-01 1.000000000000000000e+00
8.473006635904312134e-02 2.882541120052337646e-01 -5.995259284973144531e-01 1.000000000000000000e+00
2.505399584770202637e-01 3.093648850917816162e-01 -4.942980408668518066e-01 1.000000000000000000e+00
1.007086038589477539e-01 3.252526521682739258e-01 -5.873742103576660156e-01 1.000000000000000000e+00
3.906446322798728943e-02 3.281323313713073730e-01 -5.918638706207275391e-01 1.000000000000000000e+00
-2.325029112398624420e-02 3.298083841800689697e-01 -5.889523029327392578e-01 1.000000000000000000e+00
