-7.302493453025817871e-01 -3.544618189334869385e-01
-7.074066996574401855e-01 -1.607329845428466797e-01
-6.904472112655639648e-01 2.525827288627624512e-02
-6.561564803123474121e-01 2.051838487386703491e-01
-5.802266001701354980e-01 3.709911704063415527e-01
-4.815137982368469238e-01 5.242469906806945801e-01
-3.274938762187957764e-01 6.490497589111328125e-01
-1.327810138463973999e-01 7.247711420059204102e-01
4.781960323452949524e-02 7.488131523132324219e-01
2.215328216552734375e-01 7.070783376693725586e-01
4.050858914852142334e-01 6.176195740699768066e-01
5.308407545089721680e-01 4.794026613235473633e-01
6.113162040710449219e-01 3.236141204833984375e-01
6.656032800674438477e-01 1.569115966558456421e-01
6.848155856132507324e-01 -2.016043663024902344e-02
6.930653452873229980e-01 -2.034126222133636475e-01
7.082626819610595703e-01 -3.950538635253906250e-01
-6.085937619209289551e-01 -4.424559473991394043e-01
-5.163063406944274902e-01 -6.104145646095275879e-01
-3.732305169105529785e-01 -6.431911587715148926e-01
-2.216354608535766602e-01 -6.239930391311645508e-01
-9.335434436798095703e-02 -5.777177810668945312e-01
9.829945862293243408e-02 -5.831490755081176758e-01
2.232450693845748901e-01 -6.365097761154174805e-01
3.710851967334747314e-01 -6.645626425743103027e-01
5.096166133880615234e-01 -6.421275734901428223e-01
6.030820012092590332e-01 -4.809078276157379150e-01
8.205085992813110352e-03 -4.155368804931640625e-01
1.416812743991613388e-02 -2.861565947532653809e-01
1.745215244591236115e-02 -1.906622648239135742e-01
2.193941548466682434e-02 -9.092868864536285400e-02
-1.028737649321556091e-01 3.617527708411216736e-02
-4.090553894639015198e-02 4.881775006651878357e-02
1.911441981792449951e-02 6.378608942031860352e-02
7.805088162422180176e-02 4.644963517785072327e-02
1.371092051267623901e-01 3.118047676980495453e-02
-4.485729634761810303e-01 -3.662495315074920654e-01
-3.608686029911041260e-01 -4.203017354011535645e-01
-2.642802894115447998e-01 -4.181499481201171875e-01
-1.764703541994094849e-01 -3.674065172672271729e-01
-2.578917145729064941e-01 -3.370134532451629639e-01
-3.500990271568298340e-01 -3.296535015106201172e-01
1.852984875440597534e-01 -3.776536881923675537e-01
2.715740203857421875e-01 -4.317035377025604248e-01
3.675498962402343750e-01 -4.401245117187500000e-01
4.549959301948547363e-01 -3.915641903877258301e-01
3.610402941703796387e-01 -3.492815792560577393e-01
2.691376209259033203e-01 -3.516630232334136963e-01
-1.923143118619918823e-01 3.253214955329895020e-01
-1.251300722360610962e-01 2.586109340190887451e-01
-3.144630417227745056e-02 2.255177646875381470e-01
2.591449953615665436e-02 2.284289449453353882e-01
8.361828327178955078e-02 2.230615019798278809e-01
1.776025742292404175e-01 2.517293095588684082e-01
2.530217170715332031e-01 3.099652230739593506e-01
1.933490037918090820e-01 3.635070323944091797e-01
1.061019897460937500e-01 3.904565572738647461e-01
4.247294366359710693e-02 3.999000787734985352e-01
-2.406114339828491211e-02 3.946517109870910645e-01
-1.190933585166931152e-01 3.757537901401519775e-01
-1.864023953676223755e-01 3.252387344837188721e-01
-3.012960217893123627e-02 2.884996831417083740e-01
2.735737897455692291e-02 2.867811024188995361e-01
8.473006635904312134e-02 2.882541120052337646e-01
2.505399584770202637e-01 3.093648850917816162e-01
1.007086038589477539e-01 3.252526521682739258e-01
3.906446322798728943e-02 3.281323313713073730e-01
-2.325029112398624420e-02 3.298083841800689697e-01
