-6.871057152748107910e-01 -3.803679645061492920e-01
-6.909397840499877930e-01 -1.998102515935897827e-01
-6.546601057052612305e-01 -1.990049518644809723e-02
-6.284464597702026367e-01 1.365383565425872803e-01
-5.818170309066772461e-01 2.987280488014221191e-01
-5.131539702415466309e-01 4.547147452831268311e-01
-4.072687327861785889e-01 6.086298227310180664e-01
-2.399327754974365234e-01 7.395341396331787109e-01
-6.494316458702087402e-02 7.680356502532958984e-01
1.323675811290740967e-01 7.197696566581726074e-01
3.236170113086700439e-01 6.102599501609802246e-01
4.743744134902954102e-01 4.582156240940093994e-01
6.039673089981079102e-01 2.822696566581726074e-01
6.811913251876831055e-01 8.476360887289047241e-02
7.066056132316589355e-01 -1.047689169645309448e-01
7.070088982582092285e-01 -3.088643848896026611e-01
7.051661014556884766e-01 -5.066646933555603027e-01
-6.787917613983154297e-01 -4.858303070068359375e-01
-6.439666152000427246e-01 -6.447036862373352051e-01
-5.409566760063171387e-01 -6.715103983879089355e-01
-4.102588593959808350e-01 -6.525635719299316406e-01
-2.872983813285827637e-01 -6.114012598991394043e-01
-9.905615448951721191e-02 -6.191236972808837891e-01
2.431294694542884827e-02 -6.715890765190124512e-01
1.842482835054397583e-01 -7.069230079650878906e-01
3.524165451526641846e-01 -6.969180703163146973e-01
4.820106029510498047e-01 -5.486574172973632812e-01
-1.869435906410217285e-01 -4.677341580390930176e-01
-2.006733268499374390e-01 -3.345031738281250000e-01
-2.138412594795227051e-01 -2.240188866853713989e-01
-2.209126204252243042e-01 -1.092997714877128601e-01
-2.825125753879547119e-01 6.719809491187334061e-03
-2.314094901084899902e-01 2.241190522909164429e-02
-1.768162250518798828e-01 3.994990885257720947e-02
-1.147402673959732056e-01 1.820533908903598785e-02
-5.096131563186645508e-02 -1.993544399738311768e-03
-5.663118958473205566e-01 -4.104962348937988281e-01
-5.074870586395263672e-01 -4.639472067356109619e-01
-4.138845801353454590e-01 -4.652125537395477295e-01
-3.169243335723876953e-01 -4.179185628890991211e-01
-4.003461301326751709e-01 -3.798818588256835938e-01
-4.873932600021362305e-01 -3.707144856452941895e-01
2.098022587597370148e-02 -4.343917071819305420e-01
9.586641937494277954e-02 -4.882614314556121826e-01
1.918987929821014404e-01 -4.968819618225097656e-01
3.030018210411071777e-01 -4.531107842922210693e-01
1.936744302511215210e-01 -4.037062525749206543e-01
1.012011021375656128e-01 -4.042015671730041504e-01
-3.296935260295867920e-01 3.166018426418304443e-01
-2.970633208751678467e-01 2.463782280683517456e-01
-2.221140861511230469e-01 2.116835117340087891e-01
-1.675656884908676147e-01 2.138023972511291504e-01
-1.087589338421821594e-01 2.077137231826782227e-01
-1.015547430142760277e-03 2.349898517131805420e-01
1.000905707478523254e-01 2.954362034797668457e-01
3.322066739201545715e-02 3.585633039474487305e-01
-6.421589106321334839e-02 3.905789256095886230e-01
-1.273241341114044189e-01 4.005433917045593262e-01
-1.907883882522583008e-01 3.960751593112945557e-01
-2.722914516925811768e-01 3.744260966777801514e-01
-3.230862915515899658e-01 3.154062926769256592e-01
-2.029772698879241943e-01 2.753973603248596191e-01
-1.486506611108779907e-01 2.715505957603454590e-01
-8.951504528522491455e-02 2.741426229476928711e-01
9.780330955982208252e-02 2.945804893970489502e-01
-6.641158461570739746e-02 3.215000927448272705e-01
-1.268610060214996338e-01 3.254460692405700684e-01
-1.873345226049423218e-01 3.275313973426818848e-01
