-6.869565844535827637e-01 -4.300332069396972656e-01 3.307818770408630371e-01 0.000000000000000000e+00
-6.602045297622680664e-01 -2.367773503065109253e-01 3.692026436328887939e-01 0.000000000000000000e+00
-6.226558089256286621e-01 -2.000124007463455200e-02 3.956378698348999023e-01 0.000000000000000000e+00
-5.975370407104492188e-01 1.707311421632766724e-01 3.407753705978393555e-01 0.000000000000000000e+00
-5.505194067955017090e-01 3.556430935859680176e-01 2.078643292188644409e-01 0.000000000000000000e+00
-4.782300889492034912e-01 5.183271765708923340e-01 3.085319185629487038e-03 1.000000000000000000e+00
-3.683309257030487061e-01 6.521444320678710938e-01 -1.603861153125762939e-01 1.000000000000000000e+00
-2.296224832534790039e-01 7.447803616523742676e-01 -3.365386426448822021e-01 1.000000000000000000e+00
-3.551014512777328491e-02 7.742646336555480957e-01 -3.999173939228057861e-01 1.000000000000000000e+00
1.323866844177246094e-01 7.210476398468017578e-01 -4.240008294582366943e-01 1.000000000000000000e+00
3.210063278675079346e-01 6.125349402427673340e-01 -3.285995125770568848e-01 1.000000000000000000e+00
4.726189374923706055e-01 4.645298719406127930e-01 -2.327202707529067993e-01 1.000000000000000000e+00
6.052623391151428223e-01 2.898442149162292480e-01 -8.261281996965408325e-02 1.000000000000000000e+00
6.804690361022949219e-01 9.617301076650619507e-02 1.713909581303596497e-02 1.000000000000000000e+00
7.151638865470886230e-01 -9.097108244895935059e-02 5.053661391139030457e-02 1.000000000000000000e+00
7.141968607902526855e-01 -3.092142939567565918e-01 6.084532942622900009e-03 1.000000000000000000e+00
7.102858424186706543e-01 -5.040230154991149902e-01 -3.645035624504089355e-02 1.000000000000000000e+00
-6.787917613983154297e-01 -4.858303070068359375e-01 -1.477588862180709839e-01 1.000000000000000000e+00
-6.439666152000427246e-01 -6.447036862373352051e-01 -3.336400389671325684e-01 1.000000000000000000e+00
-5.409566760063171387e-01 -6.715103983879089355e-01 -5.016321539878845215e-01 1.000000000000000000e+00
-4.102588593959808350e-01 -6.525635719299316406e-01 -6.031969189643859863e-01 1.000000000000000000e+00
-2.872983813285827637e-01 -6.114012598991394043e-01 -6.490657329559326172e-01 1.000000000000000000e+00
-9.905615448951721191e-02 -6.191236972808837891e-01 -7.005715966224670410e-01 1.000000000000000000e+00
2.431294694542884827e-02 -6.715890765190124512e-01 -7.235266566276550293e-01 1.000000000000000000e+00
1.842482835054397583e-01 -7.069230079650878906e-01 -6.948118805885314941e-01 1.000000000000000000e+00
3.524165451526641846e-01 -6.969180703163146973e-01 -5.902515053749084473e-01 1.000000000000000000e+00
4.820106029510498047e-01 -5.486574172973632812e-01 -4.473337531089782715e-01 1.000000000000000000e+00
-1.869435906410217285e-01 -4.677341580390930176e-01 -6.885569691658020020e-01 1.000000000000000000e+00
-2.006733268499374390e-01 -3.345031738281250000e-01 -7.647817730903625488e-01 1.000000000000000000e+00
-2.138412594795227051e-01 -2.240188866853713989e-01 -8.309756517410278320e-01 1.000000000000000000e+00
-2.209126204252243042e-01 -1.092997714877128601e-01 -8.829245567321777344e-01 1.000000000000000000e+00
-2.825125753879547119e-01 6.719809491187334061e-03 -6.333858966827392578e-01 1.000000000000000000e+00
-2.314094901084899902e-01 2.241190522909164429e-02 -6.791695356369018555e-01 1.000000000000000000e+00
-1.768162250518798828e-01 3.994990885257720947e-02 -7.145356535911560059e-01 1.000000000000000000e+00
-1.147402673959732056e-01 1.820533908903598785e-02 -7.118992209434509277e-01 1.000000000000000000e+00
-5.096131563186645508e-02 -1.993544399738311768e-03 -6.949133872985839844e-01 1.000000000000000000e+00
-5.663118958473205566e-01 -4.104962348937988281e-01 -3.423958718776702881e-01 1.000000000000000000e+00
-5.074870586395263672e-01 -4.639472067356109619e-01 -4.600606858730316162e-01 1.000000000000000000e+00
-4.138845801353454590e-01 -4.652125537395477295e-01 -4.902999103069305420e-01 1.000000000000000000e+00
-3.169243335723876953e-01 -4.179185628890991211e-01 -4.772205054759979248e-01 1.000000000000000000e+00
-4.003461301326751709e-01 -3.798818588256835938e-01 -4.686616659164428711e-01 1.000000000000000000e+00
-4.873932600021362305e-01 -3.707144856452941895e-01 -4.351202249526977539e-01 1.000000000000000000e+00
2.098022587597370148e-02 -4.343917071819305420e-01 -5.709378123283386230e-01 1.000000000000000000e+00
9.586641937494277954e-02 -4.882614314556121826e-01 -6.278805732727050781e-01 1.000000000000000000e+00
1.918987929821014404e-01 -4.968819618225097656e-01 -6.469218730926513672e-01 1.000000000000000000e+00
3.030018210411071777e-01 -4.531107842922210693e-01 -5.696749091148376465e-01 1.000000000000000000e+00
1.936744302511215210e-01 -4.037062525749206543e-01 -6.161080598831176758e-01 1.000000000000000000e+00
1.012011021375656128e-01 -4.042015671730041504e-01 -6.041724085807800293e-01 1.000000000000000000e+00
-3.296935260295867920e-01 3.166018426418304443e-01 -4.924044311046600342e-01 1.000000000000000000e+00
-2.970633208751678467e-01 2.463782280683517456e-01 -6.168537139892578125e-01 1.000000000000000000e+00
-2.221140861511230469e-01 2.116835117340087891e-01 -6.953011751174926758e-01 1.000000000000000000e+00
-1.675656884908676147e-01 2.138023972511291504e-01 -7.174292802810668945e-01 1.000000000000000000e+00
-1.087589338421821594e-01 2.077137231826782227e-01 -7.264534831047058105e-01 1.000000000000000000e+00
-1.015547430142760277e-03 2.349898517131805420e-01 -6.937097311019897461e-01 1.000000000000000000e+00
1.000905707478523254e-01 2.954362034797668457e-01 -6.040351390838623047e-01 1.000000000000000000e+00
3.322066739201545715e-02 3.585633039474487305e-01 -6.388863921165466309e-01 1.000000000000000000e+00
-6.421589106321334839e-02 3.905789256095886230e-01 -6.626763343811035156e-01 1.000000000000000000e+00
-1.273241341114044189e-01 4.005433917045593262e-01 -6.504040360450744629e-01 1.000000000000000000e+00
-1.907883882522583008e-01 3.960751593112945557e-01 -6.291190981864929199e-01 1.000000000000000000e+00
-2.722914516925811768e-01 3.744260966777801514e-01 -5.634137392044067383e-01 1.000000000000000000e+00
-3.230862915515899658e-01 3.154062926769256592e-01 -4.896438419818878174e-01 1.000000000000000000e+00
-2.029772698879241943e-01 2.753973603248596191e-01 -6.348646879196166992e-01 1.000000000000000000e+00
-1.486506611108779907e-01 2.715505957603454590e-01 -6.576214432716369629e-01 1.000000000000000000e+00
-8.951504528522491455e-02 2.741426229476928711e-01 -6.635705232620239258e-01 1.000000000000000000e+00
9.780330955982208252e-02 2.945804893970489502e-01 -6.031538248062133789e-01 1.000000000000000000e+00
-6.641158461570739746e-02 3.215000927448272705e-01 -6.472753286361694336e-01 1.000000000000000000e+00
-1.268610060214996338e-01 3.254460692405700684e-01 -6.350352168083190918e-01 1.000000000000000000e+00
-1.873345226049423218e-01 3.275313973426818848e-01 -6.163595318794250488e-01 1.000000000000000000e+00
