-7.393403053283691406e-01 -3.556399345397949219e-01 2.265981286764144897e-01 1.000000000000000000e+00
-7.179011106491088867e-01 -1.630619615316390991e-01 2.538069486618041992e-01 1.000000000000000000e+00
-6.923524737358093262e-01 5.398352071642875671e-02 2.692829072475433350e-01 1.000000000000000000e+00
-6.604686975479125977e-01 2.423307895660400391e-01 2.131710648536682129e-01 1.000000000000000000e+00
-5.794247388839721680e-01 4.119316041469573975e-01 8.821708709001541138e-02 1.000000000000000000e+00
-4.666556119918823242e-01 5.549974441528320312e-01 -9.619534015655517578e-02 1.000000000000000000e+00
-3.133805394172668457e-01 6.653556823730468750e-01 -2.193749994039535522e-01 1.000000000000000000e+00
-1.336738914251327515e-01 7.304033637046813965e-01 -3.506936728954315186e-01 1.000000000000000000e+00
5.665750056505203247e-02 7.625102996826171875e-01 -3.614283502101898193e-01 1.000000000000000000e+00
2.164854109287261963e-01 7.145003676414489746e-01 -3.384146690368652344e-01 1.000000000000000000e+00
3.822390139102935791e-01 6.417848467826843262e-01 -2.013470679521560669e-01 1.000000000000000000e+00
5.130121111869812012e-01 5.192695260047912598e-01 -7.421808689832687378e-02 1.000000000000000000e+00
6.051924824714660645e-01 3.712477684020996094e-01 1.115177199244499207e-01 1.000000000000000000e+00
6.640505194664001465e-01 1.966539323329925537e-01 2.380166798830032349e-01 0.000000000000000000e+00
6.818978786468505859e-01 1.130321901291608810e-02 2.878885269165039062e-01 1.000000000000000000e+00
6.984371542930603027e-01 -2.058759927749633789e-01 2.609809637069702148e-01 1.000000000000000000e+00
7.163452506065368652e-01 -3.996528685092926025e-01 2.358249574899673462e-01 1.000000000000000000e+00
-6.085616350173950195e-01 -4.434094429016113281e-01 -2.233266234397888184e-01 1.000000000000000000e+00
-5.166594982147216797e-01 -6.130447983741760254e-01 -3.736263513565063477e-01 1.000000000000000000e+00
-3.740477263927459717e-01 -6.460008621215820312e-01 -5.044730305671691895e-01 1.000000000000000000e+00
-2.223610728979110718e-01 -6.261476874351501465e-01 -5.682562589645385742e-01 1.000000000000000000e+00
-9.375558793544769287e-02 -5.790370106697082520e-01 -5.812774896621704102e-01 1.000000000000000000e+00
9.873800724744796753e-02 -5.841183066368103027e-01 -5.812281370162963867e-01 1.000000000000000000e+00
2.240097522735595703e-01 -6.383659839630126953e-01 -5.703380703926086426e-01 1.000000000000000000e+00
3.720335364341735840e-01 -6.673061251640319824e-01 -5.024538040161132812e-01 1.000000000000000000e+00
5.102235078811645508e-01 -6.445392370223999023e-01 -3.640414178371429443e-01 1.000000000000000000e+00
6.033057570457458496e-01 -4.813193976879119873e-01 -2.121825069189071655e-01 1.000000000000000000e+00
8.334507234394550323e-03 -4.153385758399963379e-01 -5.852404832839965820e-01 1.000000000000000000e+00
1.414962857961654663e-02 -2.852868139743804932e-01 -6.619274020195007324e-01 1.000000000000000000e+00
1.737416163086891174e-02 -1.893016844987869263e-01 -7.324961423873901367e-01 1.000000000000000000e+00
2.177692949771881104e-02 -8.908946812152862549e-02 -7.855610847473144531e-01 1.000000000000000000e+00
-1.017753258347511292e-01 3.957533463835716248e-02 -5.981311202049255371e-01 1.000000000000000000e+00
-4.053262993693351746e-02 5.169140920042991638e-02 -6.240723133087158203e-01 1.000000000000000000e+00
1.898375339806079865e-02 6.665615737438201904e-02 -6.434276700019836426e-01 1.000000000000000000e+00
7.740955799818038940e-02 4.955543577671051025e-02 -6.247919201850891113e-01 1.000000000000000000e+00
1.356184035539627075e-01 3.489495068788528442e-02 -5.977862477302551270e-01 1.000000000000000000e+00
-4.488536119461059570e-01 -3.675867319107055664e-01 -4.021441042423248291e-01 1.000000000000000000e+00
-3.614838421344757080e-01 -4.253951609134674072e-01 -5.011588335037231445e-01 1.000000000000000000e+00
-2.639160156250000000e-01 -4.226416349411010742e-01 -5.079209208488464355e-01 1.000000000000000000e+00
-1.762592643499374390e-01 -3.681990504264831543e-01 -4.714021682739257812e-01 1.000000000000000000e+00
-2.574557363986968994e-01 -3.370194435119628906e-01 -4.842991232872009277e-01 1.000000000000000000e+00
-3.497808575630187988e-01 -3.297949433326721191e-01 -4.744005799293518066e-01 1.000000000000000000e+00
1.851301342248916626e-01 -3.782640993595123291e-01 -4.765887856483459473e-01 1.000000000000000000e+00
2.709897458553314209e-01 -4.366555809974670410e-01 -5.106663703918457031e-01 1.000000000000000000e+00
3.680019974708557129e-01 -4.459225237369537354e-01 -5.024959444999694824e-01 1.000000000000000000e+00
4.553035497665405273e-01 -3.927584290504455566e-01 -3.991281390190124512e-01 1.000000000000000000e+00
3.608126640319824219e-01 -3.490993678569793701e-01 -4.753139913082122803e-01 1.000000000000000000e+00
2.687930762767791748e-01 -3.513718545436859131e-01 -4.875950813293457031e-01 1.000000000000000000e+00
-1.896142810583114624e-01 3.304233551025390625e-01 -5.043751597404479980e-01 1.000000000000000000e+00
-1.234084740281105042e-01 2.635914981365203857e-01 -6.077481508255004883e-01 1.000000000000000000e+00
-3.131769225001335144e-02 2.293347120285034180e-01 -6.601378321647644043e-01 1.000000000000000000e+00
2.559500187635421753e-02 2.319485247135162354e-01 -6.679905056953430176e-01 1.000000000000000000e+00
8.290174603462219238e-02 2.270902097225189209e-01 -6.600270271301269531e-01 1.000000000000000000e+00
1.755848824977874756e-01 2.574091851711273193e-01 -6.034007668495178223e-01 1.000000000000000000e+00
2.496386766433715820e-01 3.171547055244445801e-01 -4.992310702800750732e-01 1.000000000000000000e+00
1.913997381925582886e-01 3.707155287265777588e-01 -5.535659790039062500e-01 1.000000000000000000e+00
1.050625070929527283e-01 3.984921574592590332e-01 -6.072601079940795898e-01 1.000000000000000000e+00
4.201952368021011353e-02 4.075559377670288086e-01 -6.135953664779663086e-01 1.000000000000000000e+00
-2.393325231969356537e-02 4.017907977104187012e-01 -6.076517701148986816e-01 1.000000000000000000e+00
-1.178369075059890747e-01 3.809047043323516846e-01 -5.610578060150146484e-01 1.000000000000000000e+00
-1.837182343006134033e-01 3.304014503955841064e-01 -5.009565949440002441e-01 1.000000000000000000e+00
-2.969547547399997711e-02 2.935511171817779541e-01 -6.070466637611389160e-01 1.000000000000000000e+00
2.700332738459110260e-02 2.917711436748504639e-01 -6.148228645324707031e-01 1.000000000000000000e+00
8.347062021493911743e-02 2.937014997005462646e-01 -6.038932800292968750e-01 1.000000000000000000e+00
2.471437901258468628e-01 3.165488541126251221e-01 -4.992694556713104248e-01 1.000000000000000000e+00
1.000846177339553833e-01 3.334164023399353027e-01 -5.899780988693237305e-01 1.000000000000000000e+00
3.900129720568656921e-02 3.362797498703002930e-01 -5.942679047584533691e-01 1.000000000000000000e+00
-2.231241390109062195e-02 3.371119499206542969e-01 -5.917029976844787598e-01 1.000000000000000000e+00
