-7.298853993415832520e-01 -3.549248576164245605e-01
-7.071437835693359375e-01 -1.613814979791641235e-01
-6.903104782104492188e-01 2.437111735343933105e-02
-6.562467217445373535e-01 2.040881663560867310e-01
-5.804921984672546387e-01 3.699826896190643311e-01
-4.826424419879913330e-01 5.234636068344116211e-01
-3.297513723373413086e-01 6.488405466079711914e-01
-1.360535323619842529e-01 7.264459729194641113e-01
4.478411749005317688e-02 7.521302103996276855e-01
2.191845625638961792e-01 7.104297280311584473e-01
4.031212031841278076e-01 6.208195090293884277e-01
5.291905403137207031e-01 4.822317063808441162e-01
6.101943254470825195e-01 3.259250819683074951e-01
6.652331352233886719e-01 1.584693938493728638e-01
6.848237514495849609e-01 -1.879801414906978607e-02
6.933717131614685059e-01 -2.020581215620040894e-01
7.085648775100708008e-01 -3.944422900676727295e-01
-6.085616350173950195e-01 -4.434094429016113281e-01
-5.166594982147216797e-01 -6.130447983741760254e-01
-3.740477263927459717e-01 -6.460008621215820312e-01
-2.223610728979110718e-01 -6.261476874351501465e-01
-9.375558793544769287e-02 -5.790370106697082520e-01
9.873800724744796753e-02 -5.841183066368103027e-01
2.240097522735595703e-01 -6.383659839630126953e-01
3.720335364341735840e-01 -6.673061251640319824e-01
5.102235078811645508e-01 -6.445392370223999023e-01
6.033057570457458496e-01 -4.813193976879119873e-01
8.334507234394550323e-03 -4.153385758399963379e-01
1.414962857961654663e-02 -2.852868139743804932e-01
1.737416163086891174e-02 -1.893016844987869263e-01
2.177692949771881104e-02 -8.908946812152862549e-02
-1.017753258347511292e-01 3.957533463835716248e-02
-4.053262993693351746e-02 5.169140920042991638e-02
1.898375339806079865e-02 6.665615737438201904e-02
7.740955799818038940e-02 4.955543577671051025e-02
1.356184035539627075e-01 3.489495068788528442e-02
-4.488536119461059570e-01 -3.675867319107055664e-01
-3.614838421344757080e-01 -4.253951609134674072e-01
-2.639160156250000000e-01 -4.226416349411010742e-01
-1.762592643499374390e-01 -3.681990504264831543e-01
-2.574557363986968994e-01 -3.370194435119628906e-01
-3.497808575630187988e-01 -3.297949433326721191e-01
1.851301342248916626e-01 -3.782640993595123291e-01
2.709897458553314209e-01 -4.366555809974670410e-01
3.680019974708557129e-01 -4.459225237369537354e-01
4.553035497665405273e-01 -3.927584290504455566e-01
3.608126640319824219e-01 -3.490993678569793701e-01
2.687930762767791748e-01 -3.513718545436859131e-01
-1.896142810583114624e-01 3.304233551025390625e-01
-1.234084740281105042e-01 2.635914981365203857e-01
-3.131769225001335144e-02 2.293347120285034180e-01
2.559500187635421753e-02 2.319485247135162354e-01
8.290174603462219238e-02 2.270902097225189209e-01
1.755848824977874756e-01 2.574091851711273193e-01
2.496386766433715820e-01 3.171547055244445801e-01
1.913997381925582886e-01 3.707155287265777588e-01
1.050625070929527283e-01 3.984921574592590332e-01
4.201952368021011353e-02 4.075559377670288086e-01
-2.393325231969356537e-02 4.017907977104187012e-01
-1.178369075059890747e-01 3.809047043323516846e-01
-1.837182343006134033e-01 3.304014503955841064e-01
-2.969547547399997711e-02 2.935511171817779541e-01
2.700332738459110260e-02 2.917711436748504639e-01
8.347062021493911743e-02 2.937014997005462646e-01
2.471437901258468628e-01 3.165488541126251221e-01
1.000846177339553833e-01 3.334164023399353027e-01
3.900129720568656921e-02 3.362797498703002930e-01
-2.231241390109062195e-02 3.371119499206542969e-01
