-6.869547963142395020e-01 -4.300189316272735596e-01 3.305984139442443848e-01 0.000000000000000000e+00
-6.602236032485961914e-01 -2.368039339780807495e-01 3.689924478530883789e-01 0.000000000000000000e+00
-6.227544546127319336e-01 -2.009143494069576263e-02 3.953972160816192627e-01 0.000000000000000000e+00
-5.977651476860046387e-01 1.705474853515625000e-01 3.405864834785461426e-01 0.000000000000000000e+00
-5.507090687751770020e-01 3.553175628185272217e-01 2.076264023780822754e-01 0.000000000000000000e+00
-4.785073399543762207e-01 5.180453062057495117e-01 3.011936787515878677e-03 1.000000000000000000e+00
-3.686183691024780273e-01 6.519893407821655273e-01 -1.601051092147827148e-01 1.000000000000000000e+00
-2.294301539659500122e-01 7.451418638229370117e-01 -3.358611762523651123e-01 1.000000000000000000e+00
-3.495767712593078613e-02 7.751374840736389160e-01 -3.987695872783660889e-01 1.000000000000000000e+00
1.331887692213058472e-01 7.218821644783020020e-01 -4.227392077445983887e-01 1.000000000000000000e+00
3.217715919017791748e-01 6.133030652999877930e-01 -3.275513947010040283e-01 1.000000000000000000e+00
4.731044173240661621e-01 4.651068150997161865e-01 -2.319983541965484619e-01 1.000000000000000000e+00
6.055034995079040527e-01 2.902460992336273193e-01 -8.213704824447631836e-02 1.000000000000000000e+00
6.806454658508300781e-01 9.654676169157028198e-02 1.744320243597030640e-02 1.000000000000000000e+00
7.152920365333557129e-01 -9.066943824291229248e-02 5.076904222369194031e-02 1.000000000000000000e+00
7.143368124961853027e-01 -3.089929223060607910e-01 6.159109063446521759e-03 1.000000000000000000e+00
7.104009389877319336e-01 -5.038282275199890137e-01 -3.643546625971794128e-02 1.000000000000000000e+00
-6.788226366043090820e-01 -4.864449799060821533e-01 -1.476473510265350342e-01 1.000000000000000000e+00
-6.441788077354431152e-01 -6.460609436035156250e-01 -3.333552181720733643e-01 1.000000000000000000e+00
-5.412365794181823730e-01 -6.731997132301330566e-01 -5.014238953590393066e-01 1.000000000000000000e+00
-4.104837775230407715e-01 -6.540599465370178223e-01 -6.030365228652954102e-01 1.000000000000000000e+00
-2.873795628547668457e-01 -6.125481128692626953e-01 -6.490375995635986328e-01 1.000000000000000000e+00
-9.890789538621902466e-02 -6.202272772789001465e-01 -7.005466222763061523e-01 1.000000000000000000e+00
2.457763254642486572e-02 -6.729918122291564941e-01 -7.233597636222839355e-01 1.000000000000000000e+00
1.846498996019363403e-01 -7.085666656494140625e-01 -6.947087645530700684e-01 1.000000000000000000e+00
3.527975678443908691e-01 -6.982794404029846191e-01 -5.899884104728698730e-01 1.000000000000000000e+00
4.821720421314239502e-01 -5.492033362388610840e-01 -4.472185671329498291e-01 1.000000000000000000e+00
-1.869035512208938599e-01 -4.681552648544311523e-01 -6.885175704956054688e-01 1.000000000000000000e+00
-2.007154524326324463e-01 -3.346880674362182617e-01 -7.648501396179199219e-01 1.000000000000000000e+00
-2.138856202363967896e-01 -2.241390645503997803e-01 -8.310604691505432129e-01 1.000000000000000000e+00
-2.210120707750320435e-01 -1.093750521540641785e-01 -8.829755187034606934e-01 1.000000000000000000e+00
-2.819207310676574707e-01 7.094617933034896851e-03 -6.336596608161926270e-01 1.000000000000000000e+00
-2.312262803316116333e-01 2.290954999625682831e-02 -6.794505119323730469e-01 1.000000000000000000e+00
-1.769200712442398071e-01 4.053111746907234192e-02 -7.148092389106750488e-01 1.000000000000000000e+00
-1.150841563940048218e-01 1.882189884781837463e-02 -7.121456265449523926e-01 1.000000000000000000e+00
-5.173780396580696106e-02 -1.493995194323360920e-03 -6.949162483215332031e-01 1.000000000000000000e+00
-5.661794543266296387e-01 -4.101233780384063721e-01 -3.422049283981323242e-01 1.000000000000000000e+00
-5.072129964828491211e-01 -4.628163576126098633e-01 -4.597722887992858887e-01 1.000000000000000000e+00
-4.138327836990356445e-01 -4.643378555774688721e-01 -4.898626208305358887e-01 1.000000000000000000e+00
-3.168698251247406006e-01 -4.179565608501434326e-01 -4.771042764186859131e-01 1.000000000000000000e+00
-4.004832804203033447e-01 -3.799454569816589355e-01 -4.686203598976135254e-01 1.000000000000000000e+00
-4.874600172042846680e-01 -3.706673383712768555e-01 -4.350252747535705566e-01 1.000000000000000000e+00
2.103111147880554199e-02 -4.342645704746246338e-01 -5.708221197128295898e-01 1.000000000000000000e+00
9.611368179321289062e-02 -4.875334501266479492e-01 -6.275836229324340820e-01 1.000000000000000000e+00
1.919828355312347412e-01 -4.959699809551239014e-01 -6.466429233551025391e-01 1.000000000000000000e+00
3.030404746532440186e-01 -4.527225196361541748e-01 -5.695571303367614746e-01 1.000000000000000000e+00
1.937806159257888794e-01 -4.035386443138122559e-01 -6.160936951637268066e-01 1.000000000000000000e+00
1.013623178005218506e-01 -4.040965139865875244e-01 -6.041928529739379883e-01 1.000000000000000000e+00
-3.287463486194610596e-01 3.189378082752227783e-01 -4.921886324882507324e-01 1.000000000000000000e+00
-2.967565357685089111e-01 2.482147216796875000e-01 -6.172721385955810547e-01 1.000000000000000000e+00
-2.222294807434082031e-01 2.131651639938354492e-01 -6.959636211395263672e-01 1.000000000000000000e+00
-1.677487194538116455e-01 2.152080535888671875e-01 -7.181758284568786621e-01 1.000000000000000000e+00
-1.088854745030403137e-01 2.092193365097045898e-01 -7.272675037384033203e-01 1.000000000000000000e+00
-9.431758080609142780e-04 2.369741350412368774e-01 -6.940897703170776367e-01 1.000000000000000000e+00
1.010397374629974365e-01 2.979842126369476318e-01 -6.034401655197143555e-01 1.000000000000000000e+00
3.519999608397483826e-02 3.623374700546264648e-01 -6.378148794174194336e-01 1.000000000000000000e+00
-6.213259324431419373e-02 3.950497508049011230e-01 -6.610099077224731445e-01 1.000000000000000000e+00
-1.253230869770050049e-01 4.049156606197357178e-01 -6.487771868705749512e-01 1.000000000000000000e+00
-1.889541000127792358e-01 4.003260135650634766e-01 -6.276618242263793945e-01 1.000000000000000000e+00
-2.709884047508239746e-01 3.778272271156311035e-01 -5.627702474594116211e-01 1.000000000000000000e+00
-3.220307528972625732e-01 3.178439736366271973e-01 -4.894197285175323486e-01 1.000000000000000000e+00
-2.028169929981231689e-01 2.770788967609405518e-01 -6.347585320472717285e-01 1.000000000000000000e+00
-1.485414206981658936e-01 2.732231020927429199e-01 -6.576730608940124512e-01 1.000000000000000000e+00
-8.945569396018981934e-02 2.759120166301727295e-01 -6.634193062782287598e-01 1.000000000000000000e+00
9.871633350849151611e-02 2.971493899822235107e-01 -6.025801301002502441e-01 1.000000000000000000e+00
-6.418317556381225586e-02 3.261978924274444580e-01 -6.455945968627929688e-01 1.000000000000000000e+00
-1.246837675571441650e-01 3.301927447319030762e-01 -6.334682106971740723e-01 1.000000000000000000e+00
-1.852600574493408203e-01 3.320702016353607178e-01 -6.148947477340698242e-01 1.000000000000000000e+00
