-6.870259046554565430e-01 -3.806294202804565430e-01
-6.907756328582763672e-01 -1.996032297611236572e-01
-6.541151404380798340e-01 -1.955228298902511597e-02
-6.280483007431030273e-01 1.366354078054428101e-01
-5.816252231597900391e-01 2.987092137336730957e-01
-5.132594108581542969e-01 4.546459317207336426e-01
-4.074556529521942139e-01 6.085639595985412598e-01
-2.396908849477767944e-01 7.401348352432250977e-01
-6.428633630275726318e-02 7.692568898200988770e-01
1.331940591335296631e-01 7.206357121467590332e-01
3.243828415870666504e-01 6.110296845436096191e-01
4.748719632625579834e-01 4.588068127632141113e-01
6.042216420173645020e-01 2.826780676841735840e-01
6.813735961914062500e-01 8.514156937599182129e-02
7.067619562149047852e-01 -1.044494286179542542e-01
7.071659564971923828e-01 -3.086280822753906250e-01
7.052955627441406250e-01 -5.064679384231567383e-01
-6.788226366043090820e-01 -4.864449799060821533e-01
-6.441788077354431152e-01 -6.460609436035156250e-01
-5.412365794181823730e-01 -6.731997132301330566e-01
-4.104837775230407715e-01 -6.540599465370178223e-01
-2.873795628547668457e-01 -6.125481128692626953e-01
-9.890789538621902466e-02 -6.202272772789001465e-01
2.457763254642486572e-02 -6.729918122291564941e-01
1.846498996019363403e-01 -7.085666656494140625e-01
3.527975678443908691e-01 -6.982794404029846191e-01
4.821720421314239502e-01 -5.492033362388610840e-01
-1.869035512208938599e-01 -4.681552648544311523e-01
-2.007154524326324463e-01 -3.346880674362182617e-01
-2.138856202363967896e-01 -2.241390645503997803e-01
-2.210120707750320435e-01 -1.093750521540641785e-01
-2.819207310676574707e-01 7.094617933034896851e-03
-2.312262803316116333e-01 2.290954999625682831e-02
-1.769200712442398071e-01 4.053111746907234192e-02
-1.150841563940048218e-01 1.882189884781837463e-02
-5.173780396580696106e-02 -1.493995194323360920e-03
-5.661794543266296387e-01 -4.101233780384063721e-01
-5.072129964828491211e-01 -4.628163576126098633e-01
-4.138327836990356445e-01 -4.643378555774688721e-01
-3.168698251247406006e-01 -4.179565608501434326e-01
-4.004832804203033447e-01 -3.799454569816589355e-01
-4.874600172042846680e-01 -3.706673383712768555e-01
2.103111147880554199e-02 -4.342645704746246338e-01
9.611368179321289062e-02 -4.875334501266479492e-01
1.919828355312347412e-01 -4.959699809551239014e-01
3.030404746532440186e-01 -4.527225196361541748e-01
1.937806159257888794e-01 -4.035386443138122559e-01
1.013623178005218506e-01 -4.040965139865875244e-01
-3.287463486194610596e-01 3.189378082752227783e-01
-2.967565357685089111e-01 2.482147216796875000e-01
-2.222294807434082031e-01 2.131651639938354492e-01
-1.677487194538116455e-01 2.152080535888671875e-01
-1.088854745030403137e-01 2.092193365097045898e-01
-9.431758080609142780e-04 2.369741350412368774e-01
1.010397374629974365e-01 2.979842126369476318e-01
3.519999608397483826e-02 3.623374700546264648e-01
-6.213259324431419373e-02 3.950497508049011230e-01
-1.253230869770050049e-01 4.049156606197357178e-01
-1.889541000127792358e-01 4.003260135650634766e-01
-2.709884047508239746e-01 3.778272271156311035e-01
-3.220307528972625732e-01 3.178439736366271973e-01
-2.028169929981231689e-01 2.770788967609405518e-01
-1.485414206981658936e-01 2.732231020927429199e-01
-8.945569396018981934e-02 2.759120166301727295e-01
9.871633350849151611e-02 2.971493899822235107e-01
-6.418317556381225586e-02 3.261978924274444580e-01
-1.246837675571441650e-01 3.301927447319030762e-01
-1.852600574493408203e-01 3.320702016353607178e-01
