-6.869530677795410156e-01 -4.296125471591949463e-01 3.332261443138122559e-01 0.000000000000000000e+00
-6.600300073623657227e-01 -2.361263930797576904e-01 3.717353343963623047e-01 0.000000000000000000e+00
-6.219857335090637207e-01 -1.886695995926856995e-02 3.984185755252838135e-01 0.000000000000000000e+00
-5.960245728492736816e-01 1.720923781394958496e-01 3.437940478324890137e-01 0.000000000000000000e+00
-5.479686856269836426e-01 3.566161692142486572e-01 2.109178900718688965e-01 0.000000000000000000e+00
-4.748939871788024902e-01 5.189017653465270996e-01 6.795274093747138977e-03 1.000000000000000000e+00
-3.643946945667266846e-01 6.514721512794494629e-01 -1.575741618871688843e-01 1.000000000000000000e+00
-2.252461165189743042e-01 7.413765788078308105e-01 -3.354681432247161865e-01 1.000000000000000000e+00
-3.212631866335868835e-02 7.686678171157836914e-01 -4.006453752517700195e-01 1.000000000000000000e+00
1.345528215169906616e-01 7.146235108375549316e-01 -4.250879883766174316e-01 1.000000000000000000e+00
3.230439126491546631e-01 6.062036156654357910e-01 -3.292818665504455566e-01 1.000000000000000000e+00
4.739554226398468018e-01 4.590125679969787598e-01 -2.328028082847595215e-01 1.000000000000000000e+00
6.057901382446289062e-01 2.859216034412384033e-01 -8.272952586412429810e-02 1.000000000000000000e+00
6.808667182922363281e-01 9.397973865270614624e-02 1.717970706522464752e-02 1.000000000000000000e+00
7.152453660964965820e-01 -9.233286231756210327e-02 5.106830224394798279e-02 1.000000000000000000e+00
7.140325903892517090e-01 -3.101215660572052002e-01 7.203714922070503235e-03 1.000000000000000000e+00
7.101053595542907715e-01 -5.047479271888732910e-01 -3.503921255469322205e-02 1.000000000000000000e+00
-6.785732507705688477e-01 -4.849472641944885254e-01 -1.462854444980621338e-01 1.000000000000000000e+00
-6.433099508285522461e-01 -6.411266922950744629e-01 -3.331073522567749023e-01 1.000000000000000000e+00
-5.390530824661254883e-01 -6.683665513992309570e-01 -5.002803206443786621e-01 1.000000000000000000e+00
-4.082518517971038818e-01 -6.506204605102539062e-01 -6.011575460433959961e-01 1.000000000000000000e+00
-2.857789099216461182e-01 -6.108302474021911621e-01 -6.468206644058227539e-01 1.000000000000000000e+00
-9.905908256769180298e-02 -6.194816827774047852e-01 -6.979831457138061523e-01 1.000000000000000000e+00
2.389240078628063202e-02 -6.706849336624145508e-01 -7.203251123428344727e-01 1.000000000000000000e+00
1.834664046764373779e-01 -7.043285369873046875e-01 -6.927136182785034180e-01 1.000000000000000000e+00
3.517741262912750244e-01 -6.943397521972656250e-01 -5.892130732536315918e-01 1.000000000000000000e+00
4.817384183406829834e-01 -5.489992499351501465e-01 -4.460989832878112793e-01 1.000000000000000000e+00
-1.869127154350280762e-01 -4.693304002285003662e-01 -6.874939203262329102e-01 1.000000000000000000e+00
-2.003748267889022827e-01 -3.371773660182952881e-01 -7.634263634681701660e-01 1.000000000000000000e+00
-2.135818898677825928e-01 -2.276688367128372192e-01 -8.299295902252197266e-01 1.000000000000000000e+00
-2.209119498729705811e-01 -1.138148382306098938e-01 -8.823048472404479980e-01 1.000000000000000000e+00
-2.831254601478576660e-01 -4.033834557048976421e-04 -6.319917440414428711e-01 1.000000000000000000e+00
-2.316721975803375244e-01 1.668841019272804260e-02 -6.782411932945251465e-01 1.000000000000000000e+00
-1.768319755792617798e-01 3.453029692173004150e-02 -7.134908437728881836e-01 1.000000000000000000e+00
-1.144532337784767151e-01 1.227756962180137634e-02 -7.112630009651184082e-01 1.000000000000000000e+00
-5.012555047869682312e-02 -9.439781308174133301e-03 -6.942275762557983398e-01 1.000000000000000000e+00
-5.652374029159545898e-01 -4.064117372035980225e-01 -3.422547578811645508e-01 1.000000000000000000e+00
-5.045842528343200684e-01 -4.492221176624298096e-01 -4.579460620880126953e-01 1.000000000000000000e+00
-4.135698080062866211e-01 -4.525158107280731201e-01 -4.865050613880157471e-01 1.000000000000000000e+00
-3.169361948966979980e-01 -4.161107838153839111e-01 -4.760196506977081299e-01 1.000000000000000000e+00
-4.015693366527557373e-01 -3.799131810665130615e-01 -4.685820043087005615e-01 1.000000000000000000e+00
-4.883951544761657715e-01 -3.700840175151824951e-01 -4.353928267955780029e-01 1.000000000000000000e+00
2.164917439222335815e-02 -4.326021671295166016e-01 -5.696285367012023926e-01 1.000000000000000000e+00
9.855127334594726562e-02 -4.755813181400299072e-01 -6.243656277656555176e-01 1.000000000000000000e+00
1.919088512659072876e-01 -4.818525612354278564e-01 -6.433549523353576660e-01 1.000000000000000000e+00
3.023879826068878174e-01 -4.493766129016876221e-01 -5.690228939056396484e-01 1.000000000000000000e+00
1.942082494497299194e-01 -4.034610092639923096e-01 -6.164442896842956543e-01 1.000000000000000000e+00
1.021593362092971802e-01 -4.044472575187683105e-01 -6.039929986000061035e-01 1.000000000000000000e+00
-3.322077393531799316e-01 3.103261888027191162e-01 -4.856005609035491943e-01 1.000000000000000000e+00
-2.985621988773345947e-01 2.382600009441375732e-01 -6.112155318260192871e-01 1.000000000000000000e+00
-2.219723761081695557e-01 2.046646177768707275e-01 -6.912637948989868164e-01 1.000000000000000000e+00
-1.667306423187255859e-01 2.072428166866302490e-01 -7.135036587715148926e-01 1.000000000000000000e+00
-1.072912812232971191e-01 2.003309428691864014e-01 -7.227370738983154297e-01 1.000000000000000000e+00
1.747359987348318100e-03 2.258076965808868408e-01 -6.893755197525024414e-01 1.000000000000000000e+00
1.028848886489868164e-01 2.852201163768768311e-01 -6.001076698303222656e-01 1.000000000000000000e+00
3.399651497602462769e-02 3.510691225528717041e-01 -6.359519362449645996e-01 1.000000000000000000e+00
-6.509292125701904297e-02 3.839446902275085449e-01 -6.602115631103515625e-01 1.000000000000000000e+00
-1.290044486522674561e-01 3.947179913520812988e-01 -6.471438407897949219e-01 1.000000000000000000e+00
-1.931017190217971802e-01 3.909077048301696777e-01 -6.248214244842529297e-01 1.000000000000000000e+00
-2.751446366310119629e-01 3.704006671905517578e-01 -5.572723150253295898e-01 1.000000000000000000e+00
-3.256199359893798828e-01 3.092442154884338379e-01 -4.827311933040618896e-01 1.000000000000000000e+00
-2.026876807212829590e-01 2.667034566402435303e-01 -6.290382146835327148e-01 1.000000000000000000e+00
-1.473006457090377808e-01 2.628848850727081299e-01 -6.518391370773315430e-01 1.000000000000000000e+00
-8.745888620615005493e-02 2.649452388286590576e-01 -6.586449742317199707e-01 1.000000000000000000e+00
1.006319969892501831e-01 2.844305932521820068e-01 -5.992512106895446777e-01 1.000000000000000000e+00
-6.757792085409164429e-02 3.141922950744628906e-01 -6.421852111816406250e-01 1.000000000000000000e+00
-1.286646276712417603e-01 3.185606896877288818e-01 -6.296571493148803711e-01 1.000000000000000000e+00
-1.901457160711288452e-01 3.217925727367401123e-01 -6.099582314491271973e-01 1.000000000000000000e+00
