-6.874766349792480469e-01 -3.803580999374389648e-01
-6.914680600166320801e-01 -2.004444897174835205e-01
-6.553223133087158203e-01 -1.967830583453178406e-02
-6.289137601852416992e-01 1.381861418485641479e-01
-5.818946957588195801e-01 3.006490170955657959e-01
-5.114182233810424805e-01 4.562070071697235107e-01
-4.041162431240081787e-01 6.087671518325805664e-01
-2.359205633401870728e-01 7.366045117378234863e-01
-6.171686202287673950e-02 7.628621459007263184e-01
1.345339268445968628e-01 7.133802771568298340e-01
3.256491422653198242e-01 6.039290428161621094e-01
4.757087826728820801e-01 4.526878893375396729e-01
6.044890284538269043e-01 2.782664299011230469e-01
6.815204620361328125e-01 8.256644755601882935e-02
7.065475583076477051e-01 -1.062842160463333130e-01
7.067635059356689453e-01 -3.098673820495605469e-01
7.049692273139953613e-01 -5.074502825736999512e-01
-6.785732507705688477e-01 -4.849472641944885254e-01
-6.433099508285522461e-01 -6.411266922950744629e-01
-5.390530824661254883e-01 -6.683665513992309570e-01
-4.082518517971038818e-01 -6.506204605102539062e-01
-2.857789099216461182e-01 -6.108302474021911621e-01
-9.905908256769180298e-02 -6.194816827774047852e-01
2.389240078628063202e-02 -6.706849336624145508e-01
1.834664046764373779e-01 -7.043285369873046875e-01
3.517741262912750244e-01 -6.943397521972656250e-01
4.817384183406829834e-01 -5.489992499351501465e-01
-1.869127154350280762e-01 -4.693304002285003662e-01
-2.003748267889022827e-01 -3.371773660182952881e-01
-2.135818898677825928e-01 -2.276688367128372192e-01
-2.209119498729705811e-01 -1.138148382306098938e-01
-2.831254601478576660e-01 -4.033834557048976421e-04
-2.316721975803375244e-01 1.668841019272804260e-02
-1.768319755792617798e-01 3.453029692173004150e-02
-1.144532337784767151e-01 1.227756962180137634e-02
-5.012555047869682312e-02 -9.439781308174133301e-03
-5.652374029159545898e-01 -4.064117372035980225e-01
-5.045842528343200684e-01 -4.492221176624298096e-01
-4.135698080062866211e-01 -4.525158107280731201e-01
-3.169361948966979980e-01 -4.161107838153839111e-01
-4.015693366527557373e-01 -3.799131810665130615e-01
-4.883951544761657715e-01 -3.700840175151824951e-01
2.164917439222335815e-02 -4.326021671295166016e-01
9.855127334594726562e-02 -4.755813181400299072e-01
1.919088512659072876e-01 -4.818525612354278564e-01
3.023879826068878174e-01 -4.493766129016876221e-01
1.942082494497299194e-01 -4.034610092639923096e-01
1.021593362092971802e-01 -4.044472575187683105e-01
-3.322077393531799316e-01 3.103261888027191162e-01
-2.985621988773345947e-01 2.382600009441375732e-01
-2.219723761081695557e-01 2.046646177768707275e-01
-1.667306423187255859e-01 2.072428166866302490e-01
-1.072912812232971191e-01 2.003309428691864014e-01
1.747359987348318100e-03 2.258076965808868408e-01
1.028848886489868164e-01 2.852201163768768311e-01
3.399651497602462769e-02 3.510691225528717041e-01
-6.509292125701904297e-02 3.839446902275085449e-01
-1.290044486522674561e-01 3.947179913520812988e-01
-1.931017190217971802e-01 3.909077048301696777e-01
-2.751446366310119629e-01 3.704006671905517578e-01
-3.256199359893798828e-01 3.092442154884338379e-01
-2.026876807212829590e-01 2.667034566402435303e-01
-1.473006457090377808e-01 2.628848850727081299e-01
-8.745888620615005493e-02 2.649452388286590576e-01
1.006319969892501831e-01 2.844305932521820068e-01
-6.757792085409164429e-02 3.141922950744628906e-01
-1.286646276712417603e-01 3.185606896877288818e-01
-1.901457160711288452e-01 3.217925727367401123e-01
